Lat,Lon,MRMSrain,RAPrain,WindSpeed,woro,Q
47.75,-123.95,0.0567,0,2.4849579334259,NaN,-1.93730258502001e-08
47.75,-123.75,0.0155,0.719999969005585,2.4401216506958,0.0510562025010586,1.46237084663881e-08
40.65,-123.75,0,0,8.0144157409668,0.0824395045638084,-1.77133870238322e-07
40.55,-123.75,0,0,7.8159646987915,0.126390010118484,-2.09649201110551e-07
40.55,-123.65,0,0,7.8159646987915,0.126390010118484,-2.09649201110551e-07
42.55,-123.55,0,0,6.5322642326355,-0.0117591610178351,2.32021534429805e-07
42.35,-123.55,0,0,8.19249439239502,0.0474358685314655,2.27354490789367e-07
42.25,-123.55,0,0,7.89372825622559,-0.0195691101253033,1.93212883914384e-07
40.35,-123.55,0,0,6.78657341003418,0.171819418668747,-1.24282095725903e-07
40.25,-123.55,0,0,7.45054244995117,NaN,-1.13576795968129e-07
40.15,-123.55,0,0,7.45054244995117,NaN,-1.13576795968129e-07
40.05,-123.55,0,0,7.40854358673096,NaN,-2.82144902996606e-08
47.75,-123.45,0.0011,0,2.33827996253967,NaN,2.27429310939442e-08
42.95,-123.45,0,0,3.99359822273254,-0.0726628750562668,4.95342931117193e-08
42.65,-123.45,0,0,6.5322642326355,-0.0117591610178351,2.32021534429805e-07
42.55,-123.45,0,0,6.5322642326355,-0.0117591610178351,2.32021534429805e-07
42.45,-123.45,0,0,6.62021398544312,-0.044089175760746,2.58643808592751e-07
42.35,-123.45,0,0,6.51375865936279,-0.149451896548271,3.69581272252617e-07
42.25,-123.45,0,0,6.26351118087769,-0.0896994918584824,4.06850574563578e-07
40.35,-123.45,0,0,6.78657341003418,0.171819418668747,-1.24282095725903e-07
40.15,-123.45,0,0,6.69067907333374,0.0597387552261353,-5.00167161021636e-08
40.05,-123.45,0,0,6.69067907333374,0.0597387552261353,-5.00167161021636e-08
39.95,-123.45,0,0,6.74754619598389,0.0564106553792953,2.45551206035088e-08
39.85,-123.45,0,0,7.35547161102295,NaN,7.66938157426011e-08
39.75,-123.45,0,0,7.31395053863525,NaN,8.53214885410125e-08
47.75,-123.35,0.0058,0,2.33827996253967,NaN,2.27429310939442e-08
42.95,-123.35,0,1.80000007152557,2.67638111114502,-0.0330758541822433,1.87216926406109e-07
42.65,-123.35,0,0,4.78370761871338,0.0241574440151453,1.51208155330096e-07
42.55,-123.35,0,0,4.8342022895813,0.00313191581517458,2.59077239661565e-07
42.45,-123.35,0,0,4.74137449264526,0.00944744423031807,4.1528019778525e-07
42.35,-123.35,0,0,6.51375865936279,-0.149451896548271,3.69581272252617e-07
42.25,-123.35,0,0,6.26351118087769,-0.0896994918584824,4.06850574563578e-07
42.15,-123.35,0,0,5.93491888046265,-0.0684930607676506,3.75453282686067e-07
40.35,-123.35,0,0,6.02712297439575,0.0214304234832525,2.28437642135759e-08
40.25,-123.35,0,0,5.93660593032837,0.127949073910713,-2.14693045563763e-08
40.15,-123.35,0,0,6.69067907333374,0.0597387552261353,-5.00167161021636e-08
40.05,-123.35,0,0,6.09126424789429,0.130373060703278,1.49235148683147e-08
39.95,-123.35,0,0,6.74754619598389,0.0564106553792953,2.45551206035088e-08
39.85,-123.35,0,0,6.81810903549194,-0.0209256615489721,7.13450276634831e-08
39.75,-123.35,0,0,6.80225086212158,-0.0402557961642742,1.01134801866465e-07
39.65,-123.35,0,0,6.74015188217163,0.0513649173080921,8.04360240636015e-08
39.55,-123.35,0,0,7.0029878616333,NaN,5.40907869606144e-08
39.45,-123.35,0,0,6.51418876647949,0.128655835986137,4.47709496143034e-08
39.35,-123.35,0,0,6.89260530471802,NaN,5.43012532716602e-08
39.25,-123.35,0,0,6.82187843322754,NaN,6.39933048773855e-08
39.15,-123.35,0.033,0,6.81437397003174,NaN,9.53211554133304e-08
42.65,-123.25,0,0,3.31762552261353,0.0706757232546806,3.05767628105968e-07
42.55,-123.25,0,0,4.8342022895813,0.00313191581517458,2.59077239661565e-07
42.45,-123.25,0,0,4.74137449264526,0.00944744423031807,4.1528019778525e-07
42.35,-123.25,0,0,4.74137449264526,0.00944744423031807,4.1528019778525e-07
42.25,-123.25,0,0,4.5999927520752,-0.0850383937358856,5.66735423035425e-07
40.35,-123.25,0,0,5.44588088989258,-0.024210762232542,6.1902028392069e-08
40.25,-123.25,0,0,5.93660593032837,0.127949073910713,-2.14693045563763e-08
40.15,-123.25,0,0,6.00109386444092,0.122895538806915,-1.56868651401965e-08
40.05,-123.25,0,0,6.09126424789429,0.130373060703278,1.49235148683147e-08
39.95,-123.25,0,0,6.20500516891479,0.0901308432221413,5.15841662718231e-08
39.85,-123.25,0,0,6.20500516891479,0.0901308432221413,5.15841662718231e-08
39.75,-123.25,0,0,6.80225086212158,-0.0402557961642742,1.01134801866465e-07
39.65,-123.25,0,0,6.74015188217163,0.0513649173080921,8.04360240636015e-08
39.55,-123.25,0,0,6.60750770568848,0.120028898119926,6.08143722047316e-08
39.45,-123.25,0,0,6.51418876647949,0.128655835986137,4.47709496143034e-08
39.35,-123.25,0,0,6.46753883361816,0.0484283119440079,5.76311300903853e-08
39.25,-123.25,0,0,6.46753883361816,0.0484283119440079,5.76311300903853e-08
39.15,-123.25,0.0374,0,6.81437397003174,NaN,9.53211554133304e-08
42.65,-123.15,0,0,3.31762552261353,0.0706757232546806,3.05767628105968e-07
42.55,-123.15,0,0,3.2953827381134,0.0139229064807296,3.49113037145798e-07
42.35,-123.15,0,0,3.22710299491882,-0.00432974472641945,5.83256792197062e-07
41.85,-123.15,0.014,1.80000007152557,4.5075306892395,-0.00664949603378773,5.45268164842128e-07
40.05,-123.15,0,0,5.64103841781616,0.240187436342239,4.8047596123979e-08
39.85,-123.15,0,0,6.20500516891479,0.0901308432221413,5.15841662718231e-08
39.65,-123.15,0,0,6.23496770858765,-0.0236037969589233,5.7886140325536e-08
39.55,-123.15,0,0,6.17890071868896,0.0694528520107269,7.96253374346634e-09
39.45,-123.15,0,0,6.13908243179321,0.159381449222565,-2.65921435982364e-08
39.35,-123.15,0,0,6.46753883361816,0.0484283119440079,5.76311300903853e-08
39.25,-123.15,0,0,6.46753883361816,0.0484283119440079,5.76311300903853e-08
39.15,-123.15,0,0,6.54723978042603,-0.0285741835832596,1.01965355270295e-07
39.05,-123.15,0,0,6.63862276077271,0.0222982596606016,1.27582310938124e-07
38.95,-123.15,0,0,6.82388544082642,NaN,7.79420759045024e-08
39.65,-123.05,0,0,5.8464035987854,0.000435840338468552,9.05844359522234e-08
39.55,-123.05,0,0,6.17890071868896,0.0694528520107269,7.96253374346634e-09
39.45,-123.05,0,0,6.13908243179321,0.159381449222565,-2.65921435982364e-08
39.35,-123.05,0,0,6.17413473129272,0.139564126729965,-1.2774801660953e-08
39.25,-123.05,0,0,6.28884363174438,0.0565031245350838,4.82621267394734e-08
39.15,-123.05,0,0,6.48557949066162,0.00876487884670496,9.78180878519197e-08
39.05,-123.05,0,0,6.48557949066162,0.00876487884670496,9.78180878519197e-08
38.95,-123.05,0,0,6.82388544082642,NaN,7.79420759045024e-08
38.85,-123.05,0,0,6.9680643081665,NaN,1.11064501595592e-07
39.45,-122.95,0,0,5.85599708557129,0.138768821954727,-1.38749484790424e-07
39.15,-122.95,0,0,6.48557949066162,0.00876487884670496,9.78180878519197e-08
39.05,-122.95,0,0,6.48557949066162,0.00876487884670496,9.78180878519197e-08
38.95,-122.95,0,0,6.75787925720215,0.1265809237957,1.07839994711867e-07
38.85,-122.95,0,0,6.99511241912842,0.17587323486805,2.83495573683012e-08
38.75,-122.95,0,0,7.22599029541016,NaN,4.19247108141008e-08
41.05,-122.85,0,0,6.71594667434692,0.00616567162796855,-1.25411986573454e-07
38.85,-122.85,0,0,6.99511241912842,0.17587323486805,2.83495573683012e-08
38.75,-122.85,0,0,7.22599029541016,NaN,4.19247108141008e-08
38.65,-122.85,0,0,7.42446804046631,NaN,3.66333203771774e-08
39.05,-122.75,0,0,6.75134181976318,-0.0804705321788788,6.23978806402192e-08
38.75,-122.75,0,0,7.352783203125,0.212285906076431,1.42465417241056e-08
38.55,-122.75,0,0,7.867347240448,NaN,-7.72999442233413e-09
45.75,-122.65,0,0,3.85962080955505,0.0225478373467922,-1.79282952927906e-08
40.15,-122.65,0,0,7.03078460693359,-0.309114873409271,8.07114659551189e-08
39.05,-122.65,0,0,6.86741781234741,-0.00388812273740768,-3.24109699079145e-08
38.45,-122.65,0,0,8.07826328277588,NaN,5.91669540028761e-08
39.55,-122.55,0,0,6.88938570022583,-0.138378858566284,-9.51174143892786e-08
39.65,-122.45,0,0,6.8785982131958,-0.0676432400941849,-3.1387997978527e-08
39.55,-122.45,0,0,6.88938570022583,-0.138378858566284,-9.51174143892786e-08
41.55,-122.35,0,0,8.98366928100586,-0.0845694020390511,2.582072511359e-07
39.95,-122.35,0,0,7.93400478363037,-0.00803902465850115,1.02343776120506e-07
39.75,-122.35,0,0,7.7986478805542,-0.0252004079520702,6.45147082423136e-08
39.65,-122.35,0,0,7.70956897735596,-0.0266239568591118,1.14344445023562e-08
41.65,-122.25,0,0,9.14813709259033,-0.111365683376789,1.7890958758926e-07
41.55,-122.25,0,0,9.14813709259033,-0.111365683376789,1.7890958758926e-07
41.45,-122.25,0,0,9.30968761444092,0.038443811237812,-4.65945504402043e-09
39.75,-122.25,0,0,8.39648818969727,0.00300589948892593,3.79141411599448e-08
39.65,-122.25,0,0,8.39648818969727,0.00300589948892593,3.79141411599448e-08
43.05,-122.15,0,0,4.00189113616943,0.0298875793814659,1.10400478092743e-07
42.55,-122.15,0,0,5.32960033416748,-0.0304711516946554,-5.9608865399241e-08
41.65,-122.15,0,0,9.09006309509277,0.00252732448279858,1.28678379951452e-07
41.55,-122.15,0,0,9.25876331329346,0.104624800384045,4.35159677181218e-08
40.25,-122.15,0,0,10.4804763793945,0.118865385651588,-1.98372838156047e-08
40.15,-122.15,0,0,9.92016506195068,0.0343876741826534,7.02638800476052e-08
39.95,-122.15,0,0,9.4577465057373,0.00727767031639814,-4.04418969424114e-08
39.85,-122.15,0,0,9.20047950744629,0.00558155216276646,-3.54382265754793e-08
39.75,-122.15,0,0,8.39648818969727,0.00300589948892593,3.79141411599448e-08
39.65,-122.15,0,0,8.82648944854736,0.00511020934209228,3.76766600140854e-08
44.95,-122.05,0,0,4.58246374130249,0.0223828479647636,-2.02402588911355e-07
44.75,-122.05,0,0,4.14998531341553,0.113920271396637,-1.63219795012992e-07
42.95,-122.05,0,0,5.15816116333008,0.00483972206711769,-5.58593633570581e-08
42.75,-122.05,0,0,5.4672646522522,0.0501656718552113,-1.31066428821214e-08
42.65,-122.05,0,0,5.4672646522522,0.0501656718552113,-1.31066428821214e-08
42.55,-122.05,0,0,5.8774266242981,-0.0470388531684875,-6.82117757833112e-08
42.45,-122.05,0,0,6.29658842086792,-0.121850498020649,-4.38282299342063e-08
39.85,-122.05,0,0,9.20047950744629,0.00558155216276646,-3.54382265754793e-08
39.75,-122.05,0,0,8.9672679901123,0.00841997563838959,4.30069562185054e-08
45.15,-121.95,0,0,4.7362847328186,0.0361114367842674,-1.13058931106025e-07
45.05,-121.95,0,0,4.78133153915405,0.0431084744632244,-7.06950302742371e-08
44.95,-121.95,0,0,4.76023101806641,0.0521925091743469,-5.19439389279341e-08
44.85,-121.95,0,0,4.43702507019043,0.0946813672780991,-1.90255036613962e-07
44.75,-121.95,0,0,4.14998531341553,0.113920271396637,-1.63219795012992e-07
44.55,-121.95,0.0027,0,3.74075126647949,0.0820688828825951,-2.24147854055445e-07
44.45,-121.95,0,0,3.29063725471497,-0.00651088077574968,-1.65358173376262e-07
42.75,-121.95,0,0,6.00180768966675,0.0617731884121895,-9.59392210120313e-09
42.65,-121.95,0,0,6.38115930557251,-0.0187087506055832,-4.79710067224914e-08
42.45,-121.95,0,0,6.29658842086792,-0.121850498020649,-4.38282299342063e-08
39.85,-121.95,0,0,9.65933799743652,0.0419104620814323,-1.09814919824203e-07
48.75,-121.85,0,0,2.45963144302368,0.0472145602107048,-1.97421542225129e-07
47.95,-121.85,0,0,2.13503384590149,0.0420775152742863,-2.06089183052427e-07
45.25,-121.85,0,0,4.83400630950928,-0.013208594173193,2.6431489885681e-08
45.15,-121.85,0,0,4.83400630950928,-0.013208594173193,2.6431489885681e-08
45.05,-121.85,0.0289,0,4.78133153915405,0.0431084744632244,-7.06950302742371e-08
44.95,-121.85,0.155,0,4.76023101806641,0.0521925091743469,-5.19439389279341e-08
44.85,-121.85,0,0,4.57761907577515,0.125470221042633,-1.13563089598756e-07
44.75,-121.85,0,0,4.2152304649353,0.104608662426472,-8.95027838510032e-08
44.65,-121.85,0.8537,0,3.8098030090332,-0.0167748406529427,-3.03395850664856e-08
44.55,-121.85,3.0013,0,3.35346126556396,-0.0316770076751709,1.0592775367968e-07
44.45,-121.85,0,0,3.29063725471497,-0.00651088077574968,-1.65358173376262e-07
44.35,-121.85,0,0,2.85906338691711,0.0403511188924313,1.00011305903536e-08
42.75,-121.85,0,0,6.00180768966675,0.0617731884121895,-9.59392210120313e-09
42.45,-121.85,0,0,6.76336145401001,0.0426851660013199,-3.21441362416408e-08
39.65,-121.85,0,0,9.22473526000977,0.00983552541583776,1.61617954574922e-08
48.25,-121.75,0.0069,0,2.34164619445801,-0.00130450306460261,-2.27622223292201e-07
48.05,-121.75,0.0227,0,2.17017936706543,0.0705684721469879,-2.27379572947939e-07
45.25,-121.75,0,0,4.83400630950928,-0.013208594173193,2.6431489885681e-08
45.15,-121.75,0,0,4.83400630950928,-0.013208594173193,2.6431489885681e-08
45.05,-121.75,4.9916,0,4.8668360710144,0.0566441081464291,2.89636510331093e-08
44.95,-121.75,2.6125,0,4.77756690979004,0.0197351612150669,3.28553468875725e-08
44.85,-121.75,0.1148,0,4.55114603042603,-0.0712097212672234,7.53177573642461e-08
44.75,-121.75,0.0664,0,4.20337104797363,-0.0959958210587502,1.58412859718737e-07
44.65,-121.75,8.4585,0,3.8098030090332,-0.0167748406529427,-3.03395850664856e-08
44.55,-121.75,4.9727,0,3.35346126556396,-0.0316770076751709,1.0592775367968e-07
44.45,-121.75,0,0,3.35346126556396,-0.0316770076751709,1.0592775367968e-07
44.35,-121.75,0,0,2.91160202026367,0.00946129858493805,2.24028681827804e-07
42.75,-121.75,0,0,6.42924880981445,0.0287929028272629,-2.85171513070281e-08
42.65,-121.75,0,0,6.80637311935425,-0.0377717763185501,-2.34360069129025e-08
48.25,-121.65,0.0049,0,2.34164619445801,-0.00130450306460261,-2.27622223292201e-07
45.25,-121.65,1.012,0,4.80071210861206,-0.0223779771476984,9.90005588619169e-08
45.15,-121.65,2.4586,0,4.77653694152832,-0.0530205294489861,1.21705554079199e-07
44.95,-121.65,6.7395,0,4.68570899963379,-0.11204169690609,1.88157855518511e-07
44.85,-121.65,1.0125,0,4.55114603042603,-0.0712097212672234,7.53177573642461e-08
44.75,-121.65,1.2831,0,4.20337104797363,-0.0959958210587502,1.58412859718737e-07
44.65,-121.65,1.0509,0,3.73932385444641,-0.107523068785667,2.16508169614826e-07
44.55,-121.65,0.0027,0,3.27340412139893,-0.0397323444485664,3.55170698185248e-07
44.45,-121.65,0,0,2.91154527664185,-0.0451196953654289,4.17386814888232e-07
42.55,-121.65,0,0,7.22659969329834,-0.0405789539217949,-2.78239973283689e-08
42.45,-121.65,0,0,7.56852769851685,0.104964576661587,-5.04485306862534e-08
42.35,-121.65,0,0,7.56852769851685,0.104964576661587,-5.04485306862534e-08
45.35,-121.55,1.9047,0,4.66893625259399,-0.101517140865326,1.93587510466386e-07
45.25,-121.55,9.1646,0,4.62125205993652,-0.124655082821846,2.50226378284424e-07
45.15,-121.55,7.025,0,4.77653694152832,-0.0530205294489861,1.21705554079199e-07
45.05,-121.55,7.58,0,4.68570899963379,-0.11204169690609,1.88157855518511e-07
44.95,-121.55,2.3918,0,4.68570899963379,-0.11204169690609,1.88157855518511e-07
44.85,-121.55,1.0666,0,4.44144058227539,-0.112697646021843,2.30873894224715e-07
44.75,-121.55,2.1395,0,4.07403039932251,-0.101029835641384,2.4989975599965e-07
44.65,-121.55,0.4384,0,3.63677859306335,-0.0678467005491257,3.58755443130576e-07
44.55,-121.55,0,0,3.27340412139893,-0.0397323444485664,3.55170698185248e-07
45.45,-121.45,0.018,0,4.71025323867798,-0.116516619920731,1.95700110339203e-07
45.35,-121.45,1.4281,0,4.66893625259399,-0.101517140865326,1.93587510466386e-07
45.25,-121.45,2.4755,0,4.62125205993652,-0.124655082821846,2.50226378284424e-07
45.15,-121.45,3.189,0,4.61237144470215,-0.0877767652273178,2.77942262982833e-07
45.05,-121.45,1.4944,0,4.51459741592407,-0.0416663438081741,1.70626321960299e-07
44.95,-121.45,0.5367,0,4.29156541824341,-0.027539137750864,2.25550039090194e-07
44.85,-121.45,1.1721,0,3.97318434715271,-0.0620877109467983,3.3507615171402e-07
44.75,-121.45,0.6244,0,4.07403039932251,-0.101029835641384,2.4989975599965e-07
44.65,-121.45,0.025,0,3.63677859306335,-0.0678467005491257,3.58755443130576e-07
44.55,-121.45,0,0,3.2049572467804,-0.0346608124673367,4.68365470851495e-07
41.95,-121.45,0,0,7.93389654159546,0.0530257597565651,-6.93773927196162e-10
45.45,-121.35,0.0056,0,4.71025323867798,-0.116516619920731,1.95700110339203e-07
45.35,-121.35,1.573,0,4.55328607559204,-0.144160822033882,3.16895238938741e-07
45.25,-121.35,3.5363,0,4.4452543258667,-0.0600159950554371,2.30250435606649e-07
45.15,-121.35,4.1285,0,4.43135213851929,-0.0286431312561035,1.49007234995224e-07
45.05,-121.35,1.9205,0,4.51459741592407,-0.0416663438081741,1.70626321960299e-07
44.95,-121.35,1.1661,0,4.29156541824341,-0.027539137750864,2.25550039090194e-07
44.85,-121.35,1.2321,0,3.97318434715271,-0.0620877109467983,3.3507615171402e-07
44.75,-121.35,0.2681,0,3.97318434715271,-0.0620877109467983,3.3507615171402e-07
44.65,-121.35,0,0,3.62072157859802,-0.0420640707015991,4.28010764608189e-07
41.95,-121.35,0,0,7.93389654159546,0.0530257597565651,-6.93773927196162e-10
45.45,-121.25,0.0658,0,4.45113611221313,-0.00463365763425827,9.67735047652241e-08
45.35,-121.25,1.6388,0,4.45113611221313,-0.00463365763425827,9.67735047652241e-08
45.25,-121.25,1.6768,0,4.4452543258667,-0.0600159950554371,2.30250435606649e-07
45.15,-121.25,1.5773,0,4.43135213851929,-0.0286431312561035,1.49007234995224e-07
45.05,-121.25,1.5851,0,4.36605072021484,-0.0432140715420246,1.4286749205894e-07
44.95,-121.25,0.2991,0,4.24547719955444,-0.0415922030806541,2.73657775551328e-07
44.85,-121.25,0.2634,0,4.01722621917725,-0.0190484896302223,3.46491674463323e-07
44.75,-121.25,0.001,0,3.72563409805298,0.0429914444684982,4.24009442667739e-07
44.65,-121.25,0,0,3.62072157859802,-0.0420640707015991,4.28010764608189e-07
40.35,-121.25,0,0,9.80132865905762,-0.0305725671350956,-3.36968639658153e-07
45.45,-121.15,0.38,0,4.45113611221313,-0.00463365763425827,9.67735047652241e-08
45.35,-121.15,0.2899,0,4.45113611221313,-0.00463365763425827,9.67735047652241e-08
45.25,-121.15,0.405,0,4.36833810806274,-0.0483484677970409,1.191462075667e-07
45.15,-121.15,2.1713,0,4.35038948059082,-0.0265518240630627,1.37566217972562e-07
45.05,-121.15,1.4486,0,4.34741878509521,0.0381633117794991,1.46906899090027e-07
44.95,-121.15,0.037,0,4.27817535400391,0.0274109430611134,1.57005530354581e-07
44.85,-121.15,0.0029,0,4.01722621917725,-0.0190484896302223,3.46491674463323e-07
45.45,-121.05,0.0775,0,4.4006929397583,0.000327268615365028,2.3360854584098e-08
45.35,-121.05,0.019,0,4.30088758468628,-0.0283817742019892,7.19086585831974e-08
45.25,-121.05,0.8709,0,4.31960964202881,0.0631006509065628,1.87648652172356e-08
45.15,-121.05,2.3421,0,4.31960964202881,0.0631006509065628,1.87648652172356e-08
45.05,-121.05,2.1383,0,4.34741878509521,0.0381633117794991,1.46906899090027e-07
44.95,-121.05,0.0816,0,4.27817535400391,0.0274109430611134,1.57005530354581e-07
44.85,-121.05,0,0,4.14822340011597,0.0311209354549646,2.69984951728475e-07
45.15,-120.95,2.42,0,4.31960964202881,0.0631006509065628,1.87648652172356e-08
45.05,-120.95,1.5089,0,4.33988952636719,0.0928418934345245,-2.00382714865555e-08
44.95,-120.95,0.4455,0,4.3257269859314,0.0218142755329609,8.27388220159264e-08
37.15,-120.95,0,0,6.35132694244385,-0.054063618183136,2.40319678823653e-07
45.25,-120.85,0.3739,0,4.24926519393921,0.0699069797992706,-1.59393977128275e-07
45.15,-120.85,1.0256,0,4.29408931732178,0.0516679808497429,-8.925532313242e-08
45.05,-120.85,0.7579,0,4.33663702011108,0.00987604819238186,-9.02719037298993e-08
44.95,-120.85,0.5224,0,4.3257269859314,0.0218142755329609,8.27388220159264e-08
45.25,-120.75,0,0,4.24926519393921,0.0699069797992706,-1.59393977128275e-07
45.15,-120.75,0.0911,0,4.29408931732178,0.0516679808497429,-8.925532313242e-08
45.05,-120.75,1.2714,0,4.33663702011108,0.00987604819238186,-9.02719037298993e-08
45.25,-120.65,0.6628,0,4.00355672836304,0.0103196119889617,-2.07284756470472e-07
45.15,-120.65,1.9804,0,4.15246677398682,0.0186197832226753,-2.22786695758259e-07
45.05,-120.65,1.4976,0,4.30505228042603,-0.00635994225740433,-3.2296043173119e-07
44.95,-120.65,1.014,0,4.41753435134888,-0.0239579938352108,-1.75242462319147e-07
38.15,-120.65,0,0,5.84639978408813,0.0563525259494781,-1.24671274193133e-07
38.05,-120.65,0,0,5.99380874633789,0.0586196109652519,1.52744625836476e-08
45.25,-120.55,0.557,0,3.65167999267578,0.00394242303445935,-2.5840085982054e-07
45.15,-120.55,1.2671,0,4.15246677398682,0.0186197832226753,-2.22786695758259e-07
45.05,-120.55,2.4901,0,4.30505228042603,-0.00635994225740433,-3.2296043173119e-07
44.95,-120.55,0.7865,0,4.41753435134888,-0.0239579938352108,-1.75242462319147e-07
45.25,-120.45,0.7848,0,3.65167999267578,0.00394242303445935,-2.5840085982054e-07
45.15,-120.45,5.4361,0,3.91040253639221,0.00516517506912351,-2.88387127511669e-07
45.05,-120.45,5.2986,0,4.22098779678345,-0.0203490182757378,-3.46790557159693e-07
44.95,-120.45,0.973,0,4.52602672576904,0.000776201020926237,-2.03173883051022e-07
45.35,-120.35,0,0,3.10372185707092,0.0450984463095665,-2.53780115144764e-07
45.25,-120.35,1.6686,0,3.22993612289429,0.0336025431752205,-2.66798565462523e-07
45.15,-120.35,5.1825,0,3.56737589836121,0.0157062876969576,-2.87404162691018e-07
45.05,-120.35,3.3686,0,4.01435995101929,0.0425179153680801,-3.10137181713799e-07
44.95,-120.35,3.2426,0,4.52602672576904,0.000776201020926237,-2.03173883051022e-07
44.85,-120.35,0.064,0,4.66510534286499,0.029950276017189,1.86379523370306e-07
45.35,-120.25,0,0,2.75917148590088,0.0135318292304873,-2.69340375780303e-07
45.15,-120.25,4.0367,0,3.56737589836121,0.0157062876969576,-2.87404162691018e-07
45.05,-120.25,12.8329,0,4.01435995101929,0.0425179153680801,-3.10137181713799e-07
44.95,-120.25,9.308,0,4.45191240310669,0.0375223085284233,-1.05460998156559e-07
44.85,-120.25,0.0409,0,4.67787075042725,0.0407999306917191,1.59226019036396e-07
44.75,-120.25,0,0,4.67928600311279,0.0280347596853971,5.84163217354217e-07
45.25,-120.15,0.9358,0,2.75917148590088,0.0135318292304873,-2.69340375780303e-07
45.15,-120.15,9.6695,0,3.13988780975342,0.021103834733367,-2.76334390036936e-07
45.05,-120.15,18.9166,0,3.6361231803894,0.0749984085559845,-2.41343116158532e-07
44.95,-120.15,4.7843,0,4.10514879226685,0.048976294696331,-8.81414052855689e-09
44.85,-120.15,0.0019,0,4.67787075042725,0.0407999306917191,1.59226019036396e-07
44.75,-120.15,0,0,4.67928600311279,0.0280347596853971,5.84163217354217e-07
45.35,-120.05,0.0204,0,2.28423428535461,0.0177217442542315,-2.18724863998432e-07
45.25,-120.05,1.6144,0,2.60732460021973,0.0456712916493416,-2.69057693458308e-07
45.15,-120.05,1.0981,0,3.06493759155273,0.0520109124481678,-1.6062867302935e-07
45.05,-120.05,2.4714,0,3.6361231803894,0.0749984085559845,-2.41343116158532e-07
44.95,-120.05,0.0137,0,4.10514879226685,0.048976294696331,-8.81414052855689e-09
44.85,-120.05,0,0.359999984502792,4.42402029037476,-0.0328161306679249,1.90561252111365e-07
44.75,-120.05,0,0,4.4565486907959,0.0522107072174549,6.80300956901192e-07
45.45,-119.95,0,0,1.82774698734283,0.00606699381023645,-1.43182546707976e-07
45.25,-119.95,2.0905,0,2.60732460021973,0.0456712916493416,-2.69057693458308e-07
45.15,-119.95,0.1225,0,3.06493759155273,0.0520109124481678,-1.6062867302935e-07
45.05,-119.95,0,0,3.06493759155273,0.0520109124481678,-1.6062867302935e-07
44.95,-119.95,0,0,3.4932918548584,-0.0348188430070877,1.7011331010508e-08
44.85,-119.95,0,0,3.81352877616882,-0.0560111328959465,3.27654106513364e-07
45.45,-119.85,0,0,1.82774698734283,0.00606699381023645,-1.43182546707976e-07
45.35,-119.85,0.0373,0,1.85384225845337,0.00742184603586793,-2.04157089456203e-07
45.25,-119.85,0.0383,0,2.04889559745789,0.0303869843482971,-2.28199112939365e-07
45.15,-119.85,0,0,2.3861780166626,0.0255252383649349,-1.14812721108137e-07
45.05,-119.85,0,0,2.7325005531311,-0.0395721793174744,1.66006159929566e-08
45.35,-119.75,0,0,1.49683487415314,0.0113605326041579,-1.50820426370046e-07
45.25,-119.75,0,0,1.54291725158691,0.0208429489284754,-1.910694891194e-07
45.15,-119.75,0,0,2.3861780166626,0.0255252383649349,-1.14812721108137e-07
45.05,-119.75,0,0,2.7325005531311,-0.0395721793174744,1.66006159929566e-08
45.15,-119.65,0,0,1.71235632896423,0.00819495599716902,-1.41038015044614e-07
45.05,-119.65,0,0,1.9176253080368,-0.0238135289400816,6.82542946606191e-08
39.85,-119.65,0,0,9.02974319458008,-0.0846090391278267,1.63582726031564e-07
48.45,-119.55,0.3445,0,2.23588299751282,-0.0124582638964057,-5.43186509105453e-08
48.05,-119.55,0.0393,0,1.54951608181,-0.0141775403171778,5.54086554416244e-09
48.55,-119.45,0.1585,0,2.49570202827454,0.0471040494740009,-8.27871815545222e-08
48.45,-119.45,0.2081,0,2.26379942893982,0.0792020931839943,-1.11568603244905e-07
48.15,-119.45,0.0034,0,1.67708230018616,0.0138460844755173,-4.93629137565677e-08
48.05,-119.45,0.1404,0,1.60927140712738,0.0104582477360964,-3.01464027074871e-08
45.25,-119.45,0.1182,0,1.16057443618774,0.00833417102694511,-1.2551396366689e-07
45.15,-119.45,0.2505,0,1.1519250869751,0.0108630796894431,-8.43273255668464e-08
44.45,-119.45,0.0707,0,3.47618508338928,-0.0259709358215332,7.72165947182657e-07
48.55,-119.35,0.2485,0,2.49570202827454,0.0471040494740009,-8.27871815545222e-08
48.45,-119.35,0.1105,0,2.26379942893982,0.0792020931839943,-1.11568603244905e-07
48.15,-119.35,0.0139,0,1.79454779624939,0.00500981695950031,-5.61034028123686e-08
48.05,-119.35,0.0127,0,1.60927140712738,0.0104582477360964,-3.01464027074871e-08
45.25,-119.35,0.0581,0,1.1240895986557,0.00811461266130209,-1.0421152296658e-07
45.15,-119.35,0.12,0.719999969005585,1.04783654212952,0.0166137684136629,-9.302162595759e-08
44.45,-119.35,0.0148,0,2.94203877449036,-0.000893212389200926,6.15547435245389e-07
48.55,-119.25,0.2744,0,2.44263005256653,0.0086232190951705,-1.60956474815066e-07
48.45,-119.25,0.0035,0,2.28454422950745,0.0643171891570091,-1.46682054946723e-07
48.15,-119.25,0.005,0,1.79454779624939,0.00500981695950031,-5.61034028123686e-08
44.45,-119.25,0.1584,0,2.94203877449036,-0.000893212389200926,6.15547435245389e-07
48.65,-119.15,0.0432,0,2.73172092437744,0.0164478085935116,-1.14894554315015e-07
48.55,-119.15,0.2419,0,2.44263005256653,0.0086232190951705,-1.60956474815066e-07
48.25,-119.15,0.0116,0,2.14162158966064,0.0485061556100845,-1.34669321028014e-07
44.95,-119.15,0.0456,0,1.71096611022949,0.0254233535379171,-1.36377110493413e-07
48.25,-119.05,0.0054,0,2.21459984779358,0.0208620689809322,-7.98247654643092e-08
45.15,-119.05,1.6603,0,2.28832340240479,0.00685827573761344,-2.1950435780127e-07
45.05,-119.05,3.7517,0,2.35373091697693,0.00839022733271122,-2.32436093483557e-07
48.55,-118.95,0.034,0,2.8052089214325,-0.0169628318399191,-8.7712678009666e-08
48.35,-118.95,0.018,0,2.38654327392578,-0.0014182711020112,-1.22292689752612e-07
48.15,-118.95,0.0199,0,2.06560063362122,0.0303379818797112,-4.63942839701303e-08
45.15,-118.95,0.3701,0,2.28832340240479,0.00685827573761344,-2.1950435780127e-07
45.05,-118.95,4.8871,0,2.35373091697693,0.00839022733271122,-2.32436093483557e-07
44.95,-118.95,0.044,0,2.35373091697693,0.00839022733271122,-2.32436093483557e-07
44.85,-118.95,0,0,2.3570544719696,0.0244031362235546,-2.30045998250716e-07
48.75,-118.85,0.1853,0,2.95834493637085,-0.0570607036352158,-1.20310275519842e-07
48.25,-118.85,0.0169,0,2.46543169021606,0.0223704893141985,-9.37744175644184e-08
48.15,-118.85,0.1382,0,2.06560063362122,0.0303379818797112,-4.63942839701303e-08
45.05,-118.85,0.0213,0,2.761075258255,0.00890899263322353,-3.18173533742083e-07
44.95,-118.85,0,0,2.65227913856506,-0.00465608946979046,-2.96501781349434e-07
34.95,-118.85,0,0,3.29007649421692,0.0445774272084236,5.72899274686733e-08
34.85,-118.85,0,0,3.14229583740234,-0.120993576943874,1.00511115874724e-07
48.75,-118.75,0.3263,0,2.95834493637085,-0.0570607036352158,-1.20310275519842e-07
48.65,-118.75,0.2596,0,2.97091460227966,-0.037315595895052,-1.11668342128723e-07
48.25,-118.75,0.1255,0,2.46543169021606,0.0223704893141985,-9.37744175644184e-08
45.05,-118.75,0,0,2.761075258255,0.00890899263322353,-3.18173533742083e-07
44.95,-118.75,0,0,2.65227913856506,-0.00465608946979046,-2.96501781349434e-07
48.75,-118.65,0.0015,0,3.04838800430298,0.0865357667207718,-1.18939794901962e-07
48.65,-118.65,0.0168,0,3.04838800430298,0.0865357667207718,-1.18939794901962e-07
48.45,-118.65,0.0609,0,2.98691534996033,0.0470966547727585,-1.22552819448174e-07
48.35,-118.65,0.0094,0,2.90942573547363,0.0369415618479252,-1.06682364275912e-07
48.25,-118.65,0.025,0,2.74799871444702,0.00639970321208239,-8.17114340634362e-08
48.15,-118.65,0.018,0,2.51251888275146,-0.0252930484712124,-4.99460384162376e-08
36.55,-118.65,0,0,6.00640106201172,0.28097015619278,-7.57589305067086e-07
34.95,-118.65,0,0,4.99587059020996,-0.044559434056282,2.36829755806411e-09
34.85,-118.65,0,0,5.65152788162231,-0.0168915800750256,-1.70601452964547e-08
48.45,-118.55,0.0911,0,3.15808820724487,0.057687234133482,-8.94720457722542e-08
48.35,-118.55,0.1009,0,3.1676037311554,-0.00616092095151544,-8.17338019487579e-08
48.25,-118.55,0.2779,0,2.74799871444702,0.00639970321208239,-8.17114340634362e-08
48.15,-118.55,0.014,0,2.51251888275146,-0.0252930484712124,-4.99460384162376e-08
35.75,-118.55,0,0,5.57101345062256,0.0756992623209953,-2.02549884420478e-07
34.95,-118.55,0,0,5.98627185821533,0.0928717851638794,1.67389053729039e-08
48.55,-118.45,0.0098,0,3.31548643112183,-0.105755537748337,-5.35476658569678e-08
48.45,-118.45,0.0345,0,3.15808820724487,0.057687234133482,-8.94720457722542e-08
48.35,-118.45,0.1356,0,3.1676037311554,-0.00616092095151544,-8.17338019487579e-08
48.25,-118.45,0.3611,0,3.01399517059326,-0.0155576281249523,-5.12283762077459e-08
45.45,-118.45,0,0,3.79417824745178,-0.00450865365564823,-3.97376510363756e-07
45.35,-118.45,0,0,3.7694206237793,-0.009791006334126,-3.62806758857914e-07
45.15,-118.45,0.0015,0,3.41570258140564,-0.0444059334695339,-2.99536992542926e-07
35.75,-118.45,0,0,5.57101345062256,0.0756992623209953,-2.02549884420478e-07
35.15,-118.45,0,0,5.80897998809814,-0.00166789069771767,1.07495196743912e-07
34.95,-118.45,0,0,5.98627185821533,0.0928717851638794,1.67389053729039e-08
48.75,-118.35,0.0015,0,3.09934329986572,0.038427297025919,-8.29575768079849e-08
48.65,-118.35,0.0058,0,3.23803639411926,-0.0410337261855602,-6.51692104725043e-08
48.55,-118.35,0.014,0,3.31548643112183,-0.105755537748337,-5.35476658569678e-08
48.45,-118.35,0.0727,0,3.31548643112183,-0.105755537748337,-5.35476658569678e-08
48.35,-118.35,0.3096,0,3.35682392120361,-0.107021570205688,-4.46124595043784e-08
48.25,-118.35,0.239,0,3.22085118293762,-0.0568368025124073,-4.56644002611029e-08
45.45,-118.35,0.0012,0,3.79417824745178,-0.00450865365564823,-3.97376510363756e-07
45.35,-118.35,0.0338,0,3.7694206237793,-0.009791006334126,-3.62806758857914e-07
45.25,-118.35,5.0306,0,3.7694206237793,-0.009791006334126,-3.62806758857914e-07
45.15,-118.35,0.126,0,3.63984489440918,-0.00788775831460953,-3.31588950075457e-07
35.15,-118.35,0,0,7.0561957359314,-0.115872576832771,5.12159950005753e-08
35.05,-118.35,0,0,6.31393575668335,-0.0500560253858566,8.94494434078297e-08
48.75,-118.25,0.1555,0,3.16319108009338,-0.136669889092445,-4.01999784571672e-08
48.65,-118.25,0.0516,0,3.33094835281372,-0.125321120023727,-2.71732716328188e-08
48.55,-118.25,0.005,0,3.48033308982849,-0.0663282200694084,-2.86362578094668e-08
48.45,-118.25,0.2651,0,3.5164692401886,0.0248021837323904,-3.51438558254813e-08
48.35,-118.25,0.1399,0,3.43407154083252,0.0297196470201015,-5.54712826783543e-08
48.25,-118.25,0,0,3.22085118293762,-0.0568368025124073,-4.56644002611029e-08
45.65,-118.25,0,0,3.46772432327271,0.0390275865793228,-2.57365911693341e-07
45.55,-118.25,0.8558,0,3.88655424118042,0.0124157443642616,-3.08144990412984e-07
45.45,-118.25,0.1104,0,4.05145215988159,-0.0378628969192505,-2.8975827603972e-07
45.35,-118.25,5.6776,0,3.98261213302612,-0.0260463394224644,-3.19076548294106e-07
45.25,-118.25,5.5277,0,3.85250401496887,-0.0134127363562584,-2.28931796186771e-07
45.15,-118.25,0,0,3.77723360061646,-0.101681530475616,-1.67226403391396e-07
45.05,-118.25,0,0,3.51060819625854,-0.0243519134819508,-3.21721245200024e-07
35.75,-118.25,0,0,6.65325164794922,0.185082346200943,8.40027567505786e-08
35.65,-118.25,0,0,6.65325164794922,0.185082346200943,8.40027567505786e-08
48.75,-118.15,0.218,0,3.28936862945557,-0.0376744754612446,-4.68840539724624e-08
48.55,-118.15,0.2018,0,3.48033308982849,-0.0663282200694084,-2.86362578094668e-08
48.45,-118.15,0.6551,0,3.5164692401886,0.0248021837323904,-3.51438558254813e-08
48.35,-118.15,0.1719,0,3.43407154083252,0.0297196470201015,-5.54712826783543e-08
45.65,-118.15,0.0749,0.359999984502792,3.76027536392212,0.0239908210933208,-2.49950062425341e-07
45.55,-118.15,0.7547,0,4.20722007751465,-0.00251386873424053,-2.99730061215087e-07
45.45,-118.15,0.7151,0,4.35325765609741,-0.0422396436333656,-2.74480186135406e-07
45.35,-118.15,8.2126,0,3.98261213302612,-0.0260463394224644,-3.19076548294106e-07
45.25,-118.15,0.5906,0,3.85250401496887,-0.0134127363562584,-2.28931796186771e-07
45.15,-118.15,0,0,3.77723360061646,-0.101681530475616,-1.67226403391396e-07
35.65,-118.15,0,0,7.30995273590088,-0.0291717723011971,1.26866638083811e-07
35.55,-118.15,0,0,6.68930196762085,-0.063622735440731,1.52547826814953e-07
35.45,-118.15,0,0,6.77612781524658,-0.161119073629379,1.50619257510698e-07
48.75,-118.05,0.0349,0,3.28936862945557,-0.0376744754612446,-4.68840539724624e-08
48.55,-118.05,0.443,0,3.64771056175232,-0.00796445924788713,-6.49098694793793e-08
48.45,-118.05,0.7496,0,3.69885277748108,0.0149488961324096,-7.7112943586144e-08
48.35,-118.05,0.1871,0,3.6222939491272,0.0196246728301048,-7.56284421754572e-08
48.25,-118.05,0.0175,0,3.43905568122864,-0.0230932105332613,-8.45014938022359e-08
46.05,-118.05,0,0,2.857741355896,0.0985195711255074,-9.36414252805662e-08
45.95,-118.05,0,1.80000007152557,2.94093489646912,0.067318819463253,-1.27690654494472e-07
45.75,-118.05,0,1.08000004291534,4.06866788864136,-0.0545642971992493,-1.79673122602253e-07
45.65,-118.05,0,1.08000004291534,4.06866788864136,-0.0545642971992493,-1.79673122602253e-07
45.55,-118.05,2.9005,0,4.20722007751465,-0.00251386873424053,-2.99730061215087e-07
45.45,-118.05,13.7627,0,4.35325765609741,-0.0422396436333656,-2.74480186135406e-07
45.35,-118.05,7.8339,0,4.26305723190308,-0.078501932322979,-1.57507315634575e-07
45.25,-118.05,1.0389,0,4.14591217041016,-0.0816346704959869,-3.66867780599023e-08
45.15,-118.05,0,0,4.18072032928467,-0.083611786365509,2.20982130372249e-08
35.75,-118.05,0,0,7.15861988067627,0.12632218003273,1.36453607524345e-07
35.65,-118.05,0,0,7.30995273590088,-0.0291717723011971,1.26866638083811e-07
35.55,-118.05,0,0,7.30995273590088,-0.0291717723011971,1.26866638083811e-07
35.45,-118.05,0,0,7.52215480804443,0.00993483513593674,1.23490792702796e-07
48.55,-117.95,0.1966,0,3.64771056175232,-0.00796445924788713,-6.49098694793793e-08
48.45,-117.95,0.2761,0,3.69885277748108,0.0149488961324096,-7.7112943586144e-08
48.35,-117.95,0.1593,0,3.6222939491272,0.0196246728301048,-7.56284421754572e-08
48.25,-117.95,0.018,0,3.43905568122864,-0.0230932105332613,-8.45014938022359e-08
46.05,-117.95,0,0.719999969005585,2.9106969833374,0.0488140471279621,-7.96897552390874e-08
45.95,-117.95,0.126,1.80000007152557,3.14047026634216,0.0240699201822281,-5.38690727580615e-08
45.85,-117.95,0,1.43999993801117,3.44977807998657,0.0199072472751141,-1.45887980806947e-07
45.65,-117.95,0.0116,1.08000004291534,4.06866788864136,-0.0545642971992493,-1.79673122602253e-07
45.55,-117.95,8.9786,0,4.53300142288208,-0.0333278179168701,-1.87060265943728e-07
45.45,-117.95,6.1643,0,4.68659353256226,0.0437182933092117,-1.67332700584666e-07
45.35,-117.95,0.345,0,4.61187410354614,0.0230882503092289,-7.12216774445551e-08
45.25,-117.95,0.0065,0,4.14591217041016,-0.0816346704959869,-3.66867780599023e-08
35.95,-117.95,0,0,7.40868806838989,-0.277451545000076,2.15595804320401e-07
35.75,-117.95,0,0,7.82860898971558,-0.102395296096802,1.11102806954477e-07
35.65,-117.95,0,0,8.04222774505615,-0.146191090345383,5.30800008391452e-08
35.55,-117.95,0,0,8.22633647918701,0.0425427667796612,1.58006052686233e-09
48.65,-117.85,0.1806,0,3.67229723930359,0.0695015117526054,-1.20761015409698e-07
48.55,-117.85,0.3329,0,3.80995941162109,0.0041564479470253,-1.28780826003094e-07
48.45,-117.85,0.1454,0,3.89143085479736,-0.019408892840147,-1.39761567652386e-07
48.35,-117.85,0.273,0,3.83564019203186,-0.047022882848978,-1.16620441303894e-07
48.25,-117.85,0.0034,0,3.69807839393616,-0.0831719860434532,-1.1431772151127e-07
46.15,-117.85,0.8576,0,3.17981171607971,0.0994186773896217,-7.51248734331966e-08
46.05,-117.85,8.6246,0.719999969005585,2.9106969833374,0.0488140471279621,-7.96897552390874e-08
45.95,-117.85,0.9715,1.80000007152557,3.14047026634216,0.0240699201822281,-5.38690727580615e-08
45.85,-117.85,0,0,3.7494478225708,-0.0342400372028351,-6.65663364429747e-08
45.65,-117.85,0.18,0,4.88505458831787,-0.00344401597976685,-1.01024625109858e-07
45.55,-117.85,1.7105,0,4.88505458831787,-0.00344401597976685,-1.01024625109858e-07
45.45,-117.85,0.2299,0,4.68659353256226,0.0437182933092117,-1.67332700584666e-07
45.35,-117.85,0,0,4.61187410354614,0.0230882503092289,-7.12216774445551e-08
35.85,-117.85,0,0,8.36763477325439,-0.151464253664017,7.21741244547047e-08
35.75,-117.85,0,0,7.82860898971558,-0.102395296096802,1.11102806954477e-07
48.65,-117.75,0.4447,0,3.90692758560181,0.0683471858501434,-1.78245556980983e-07
48.55,-117.75,0.6809,0,4.0490026473999,0.102989561855793,-2.00425049001751e-07
48.45,-117.75,0.3554,0,4.13273620605469,0.1272002607584,-1.95094401078677e-07
48.35,-117.75,0.4593,0,3.83564019203186,-0.047022882848978,-1.16620441303894e-07
46.25,-117.75,0.0529,0,3.58679461479187,0.0454521998763084,-8.48129957375932e-08
46.15,-117.75,4.4493,0,3.09659957885742,0.0594561286270618,-2.23853788838824e-08
46.05,-117.75,3.8795,0.719999969005585,3.0025475025177,-0.0575533024966717,1.75262613311133e-08
45.95,-117.75,0.024,1.80000007152557,3.35805034637451,-0.0655474811792374,5.61249571262579e-08
45.85,-117.75,0,0,4.03622245788574,-0.0129199102520943,1.40545211024801e-07
45.65,-117.75,0.0568,0,4.88505458831787,-0.00344401597976685,-1.01024625109858e-07
45.55,-117.75,0.065,0,4.88505458831787,-0.00344401597976685,-1.01024625109858e-07
45.45,-117.75,0,0,5.01680469512939,0.114311084151268,-3.53055540358582e-08
45.35,-117.75,0,0,4.96364498138428,0.144785344600677,4.34236042679004e-08
48.55,-117.65,0.2072,0,4.0490026473999,0.102989561855793,-2.00425049001751e-07
48.45,-117.65,0.4046,0,4.13273620605469,0.1272002607584,-1.95094401078677e-07
48.35,-117.65,0.0764,0,4.04114580154419,0.0825660675764084,-1.6363777888273e-07
46.25,-117.65,0.1201,0,3.0663731098175,0.00271845608949661,8.25473307486391e-08
46.15,-117.65,1.6365,0,3.0663731098175,0.00271845608949661,8.25473307486391e-08
46.05,-117.65,0.5297,1.08000004291534,3.10479879379272,0.00711981486529112,1.64528273671749e-07
45.95,-117.65,0,1.80000007152557,3.35805034637451,-0.0655474811792374,5.61249571262579e-08
45.85,-117.65,0,0,4.03622245788574,-0.0129199102520943,1.40545211024801e-07
45.65,-117.65,0,0,5.11923122406006,-0.0201778747141361,2.21338694927908e-07
45.55,-117.65,0,0,5.26316785812378,-0.0318790785968304,3.41864222264121e-07
45.45,-117.65,0,0,5.3017692565918,0.0952370911836624,3.24131605111688e-07
45.35,-117.65,0,0,5.3017692565918,0.0952370911836624,3.24131605111688e-07
48.85,-117.55,0.0161,0,4.06666803359985,0.00645502656698227,-2.38237817029585e-07
48.75,-117.55,0.1951,0,4.20788049697876,-0.014983132481575,-2.36383499441217e-07
48.65,-117.55,0.371,0,4.20788049697876,-0.014983132481575,-2.36383499441217e-07
48.55,-117.55,0.2779,0,4.35752725601196,-0.00498152663931251,-1.60469213028591e-07
48.45,-117.55,0.884,0,4.3982572555542,0.000718491966836154,-2.01899950980078e-07
48.35,-117.55,0.0953,0,4.3168420791626,0.0188323967158794,-2.08449321803528e-07
46.25,-117.55,0.1133,0,3.0663731098175,0.00271845608949661,8.25473307486391e-08
46.15,-117.55,0.2781,0,3.0663731098175,0.00271845608949661,8.25473307486391e-08
46.05,-117.55,0,1.08000004291534,3.10479879379272,0.00711981486529112,1.64528273671749e-07
45.95,-117.55,0,0,3.53920793533325,-0.0709590166807175,2.38756257431305e-07
45.55,-117.55,0,0,5.26316785812378,-0.0318790785968304,3.41864222264121e-07
45.45,-117.55,0,0,5.3017692565918,0.0952370911836624,3.24131605111688e-07
48.75,-117.45,0.1466,0,4.54837942123413,0.0450594387948513,-2.96634027563414e-07
48.65,-117.45,0.1739,0,4.64393424987793,-0.0442044474184513,-1.68025437119468e-07
48.55,-117.45,0.0666,0,4.68322467803955,-0.023658312857151,-2.16118721141356e-07
48.45,-117.45,0.942,0,4.3982572555542,0.000718491966836154,-2.01899950980078e-07
48.35,-117.45,0.1483,0,4.3168420791626,0.0188323967158794,-2.08449321803528e-07
46.25,-117.45,0.0448,0.359999984502792,3.02714896202087,-0.0399310849606991,2.14623113947709e-07
45.95,-117.45,0,0,3.5275936126709,-0.0265164244920015,3.61858838004991e-07
48.75,-117.35,0.005,0,4.54837942123413,0.0450594387948513,-2.96634027563414e-07
48.55,-117.35,0.1781,0,4.68322467803955,-0.023658312857151,-2.16118721141356e-07
48.45,-117.35,0.8566,0,4.68322467803955,-0.023658312857151,-2.16118721141356e-07
48.35,-117.35,0.0661,0,4.62273168563843,0.00673326663672924,-2.11681410178244e-07
46.25,-117.35,0.0008,0,2.92464351654053,-0.043029647320509,3.08832113660173e-07
48.55,-117.25,0.1014,0,5.05316925048828,0.0411850698292255,-2.55053066666733e-07
48.45,-117.25,0.3613,0,4.98081541061401,-0.0149025088176131,-2.35764275657857e-07
48.35,-117.25,0.1619,0,4.62273168563843,0.00673326663672924,-2.11681410178244e-07
46.35,-117.25,0.0015,0,2.93886542320251,-0.0402740985155106,2.1443673858812e-07
46.05,-117.25,0.0051,0,3.43968105316162,-0.00753726111724973,4.25752176624883e-07
48.55,-117.15,0.0744,0,5.05316925048828,0.0411850698292255,-2.55053066666733e-07
48.45,-117.15,0.7162,0,4.98081541061401,-0.0149025088176131,-2.35764275657857e-07
48.35,-117.15,0.0777,0,4.8898229598999,0.0287022702395916,-2.29448900768148e-07
48.25,-117.15,0.0015,0,4.8898229598999,0.0287022702395916,-2.29448900768148e-07
46.15,-117.15,0.1991,0,2.96194100379944,-0.0595427937805653,3.88480572155459e-07
46.05,-117.15,0.4446,0,3.25090718269348,-0.000793389044702053,4.48888982873541e-07
48.55,-117.05,0.0195,0,5.45700311660767,-0.108123734593391,-2.60249777284116e-07
48.45,-117.05,0.5351,0,5.38323307037354,-0.0992023125290871,-3.30819204918953e-07
48.35,-117.05,0.0929,0,4.8898229598999,0.0287022702395916,-2.29448900768148e-07
48.25,-117.05,0.0004,0,4.8898229598999,0.0287022702395916,-2.29448900768148e-07
46.25,-117.05,0.0232,0,2.73473954200745,0.00450878590345383,3.13318338385216e-07
45.95,-117.05,0.0037,2.51999998092651,3.53973412513733,0.0453478321433067,8.77812681210344e-07
40.55,-117.05,0,0,4.40038537979126,-0.0382830202579498,-1.45609533319657e-07
40.45,-117.05,0,0,4.34682464599609,0.0535516142845154,-8.56584136954552e-08
40.05,-117.05,0.0105,0,4.24155330657959,0.0386010818183422,3.86349114478435e-07
48.55,-116.95,0.2741,0,5.45700311660767,-0.108123734593391,-2.60249777284116e-07
48.45,-116.95,0.7202,0,5.38323307037354,-0.0992023125290871,-3.30819204918953e-07
48.35,-116.95,0.018,0,5.24136209487915,-0.0081411637365818,-2.89406415276972e-07
47.45,-116.95,0.089,0,3.44482517242432,0.000759563175961375,-1.83917933327393e-07
46.25,-116.95,0.6891,0,2.55001592636108,0.0196374207735062,1.56641789317291e-07
40.55,-116.95,0,0,4.4183611869812,-0.0113657284528017,-2.22645752501194e-07
40.45,-116.95,0,0,4.44352006912231,0.173298105597496,-1.92025737533186e-07
40.35,-116.95,0,0,4.40461778640747,0.0261289495974779,-1.8180443817073e-09
40.15,-116.95,0.0204,0,4.30466651916504,-0.0325598269701004,2.18204348811923e-07
40.05,-116.95,0.028,0,4.24155330657959,0.0386010818183422,3.86349114478435e-07
48.55,-116.85,0.4641,0,5.96208810806274,0.0854757502675056,-3.33548086928204e-07
48.45,-116.85,0.0812,0,5.8352575302124,0.169720575213432,-4.42713826487307e-07
47.55,-116.85,0.0771,0,3.54734826087952,-0.00467210682108998,-1.73734804320702e-07
47.45,-116.85,0.1035,0,3.44482517242432,0.000759563175961375,-1.83917933327393e-07
46.35,-116.85,0.1964,2.87999987602234,2.14018416404724,0.0243880115449429,-1.42266827651838e-07
46.25,-116.85,0.6496,2.51999998092651,2.36713671684265,0.0669929757714272,-9.29700192386917e-08
40.65,-116.85,0,0,4.75811338424683,-0.0588378459215164,-3.15390508376368e-07
40.55,-116.85,0.012,0,4.79533386230469,0.11528567969799,-3.61610830168502e-07
40.45,-116.85,0.0108,0,4.79383611679077,0.022274199873209,-2.47344388526471e-07
40.35,-116.85,0,0,4.40461778640747,0.0261289495974779,-1.8180443817073e-09
48.55,-116.75,0,0,6.42680978775024,0.045339822769165,-4.24909501361981e-07
48.45,-116.75,0.0122,0,5.8352575302124,0.169720575213432,-4.42713826487307e-07
48.35,-116.75,0.2261,0,5.60445117950439,0.0390141047537327,-3.80482276796101e-07
48.25,-116.75,0.0545,0,5.43420505523682,-0.0144090531393886,-3.38588051818078e-07
47.55,-116.75,0.1209,0,3.83436799049377,0.0247857663780451,-2.11758447221655e-07
47.45,-116.75,0.0221,0,3.69863939285278,-0.0032960909884423,-2.30862553962652e-07
40.65,-116.75,0.0605,0,5.25952625274658,-0.0152621027082205,-4.0432513515043e-07
40.55,-116.75,0,0,4.79533386230469,0.11528567969799,-3.61610830168502e-07
40.45,-116.75,0.0061,0,4.79383611679077,0.022274199873209,-2.47344388526471e-07
40.35,-116.75,0.0232,0,4.7295937538147,-0.145552888512611,-6.57564314110459e-09
48.45,-116.65,0,0,6.26485347747803,0.00425574881955981,-3.71434367707479e-07
48.35,-116.65,1.0906,0,6.01834964752197,-0.0559482350945473,-4.63988214960409e-07
48.25,-116.65,0.1838,0,5.76069498062134,-0.00954190734773874,-4.07118363909831e-07
47.55,-116.65,0,0,4.22995185852051,-0.0011712193954736,-2.79995418850376e-07
47.45,-116.65,0,0,4.02224397659302,0.0587460920214653,-3.01984385941978e-07
40.75,-116.65,0.0086,0,5.25952625274658,-0.0152621027082205,-4.0432513515043e-07
40.65,-116.65,0.0453,0,5.25952625274658,-0.0152621027082205,-4.0432513515043e-07
40.55,-116.65,0.1658,0,5.2987904548645,0.0494023002684116,-3.09426638978039e-07
39.85,-116.65,0,0,6.19475841522217,-0.00567926373332739,3.45545345226128e-07
39.75,-116.65,0,0,7.15621137619019,-0.0862724930047989,2.09286682206766e-07
39.65,-116.65,0,0,7.81046342849731,-0.092124417424202,1.69122955639978e-07
48.45,-116.55,0.0172,0,6.71697998046875,-0.112047739326954,-3.44998454693268e-07
48.35,-116.55,0.8178,0,6.01834964752197,-0.0559482350945473,-4.63988214960409e-07
48.25,-116.55,0.0791,0,5.76069498062134,-0.00954190734773874,-4.07118363909831e-07
47.55,-116.55,0,0,4.22995185852051,-0.0011712193954736,-2.79995418850376e-07
47.45,-116.55,0,0,4.02224397659302,0.0587460920214653,-3.01984385941978e-07
41.15,-116.55,0.0185,0,5.17927742004395,0.0046825110912323,-3.32421279836126e-07
41.05,-116.55,0.347,0,5.3745698928833,0.0165750291198492,-3.89627416552685e-07
40.95,-116.55,0.0519,0,5.54535436630249,-0.0225691869854927,-3.94224059618864e-07
39.85,-116.55,0,0,6.59857654571533,0.0552611835300922,3.24675113461126e-07
39.75,-116.55,0,0,7.39063358306885,0.0713670775294304,1.88916018828422e-07
39.65,-116.55,0,0,7.81046342849731,-0.092124417424202,1.69122955639978e-07
39.55,-116.55,0,0,8.10620880126953,-0.0554941222071648,9.6590781595296e-08
48.45,-116.45,0.1425,0,6.71697998046875,-0.112047739326954,-3.44998454693268e-07
48.35,-116.45,1.0062,0,6.43614721298218,-0.0329769961535931,-4.48149336307324e-07
48.25,-116.45,0.0106,0,6.12553071975708,-0.0177561845630407,-5.27641475400742e-07
48.15,-116.45,0,0,5.88928031921387,0.0836976543068886,-4.85716611819953e-07
47.55,-116.45,0,0,4.60286664962769,-0.0135640781372786,-3.5857314628629e-07
41.25,-116.45,0.0097,0,5.43060350418091,0.0427644774317741,-2.47688063836904e-07
41.15,-116.45,0.051,0,5.43060350418091,0.0427644774317741,-2.47688063836904e-07
41.05,-116.45,0.0323,0,5.64801216125488,0.0904068797826767,-2.41063162320643e-07
40.95,-116.45,0.001,0,5.87205839157104,0.0305537804961205,-1.93608414633673e-07
40.25,-116.45,0,0,5.45189237594604,0.0752013698220253,4.57420640032069e-07
40.05,-116.45,0,0.359999984502792,6.25791883468628,-0.0201314277946949,4.71579539862432e-07
39.95,-116.45,0,0,6.59857654571533,0.0552611835300922,3.24675113461126e-07
39.85,-116.45,0,0,7.53536701202393,0.0271985065191984,2.10277676160331e-07
39.75,-116.45,0,0,7.39063358306885,0.0713670775294304,1.88916018828422e-07
39.65,-116.45,0,0,7.84331464767456,-0.023621816188097,1.33362078713617e-07
39.55,-116.45,0,0,8.06689262390137,-0.0847047716379166,1.28649247699286e-07
39.45,-116.45,0,0,8.1552095413208,-0.217506438493729,1.46197720596319e-07
48.45,-116.35,0.4574,0,7.14139604568481,0.186567232012749,-4.46812805421359e-07
48.35,-116.35,1.186,0,6.88127899169922,0.254003673791885,-4.42648399712198e-07
48.25,-116.35,0,0,6.54905462265015,0.200285539031029,-6.22091079094389e-07
42.15,-116.35,0.3036,0,3.2766535282135,0.00476696342229843,5.14232638693102e-08
41.25,-116.35,0,0,5.40480470657349,0.0319467261433601,5.75705705330165e-08
41.15,-116.35,0,0,5.64166831970215,0.0313296765089035,9.08429242940656e-08
41.05,-116.35,0,0,5.80687618255615,0.0560391955077648,5.78379086846326e-08
40.25,-116.35,0.1694,0.359999984502792,5.91376066207886,-0.0737238228321075,4.62108971532871e-07
40.15,-116.35,0.0089,0,5.67024993896484,-0.0338678508996964,4.49347567155201e-07
40.05,-116.35,0,0.359999984502792,6.25791883468628,-0.0201314277946949,4.71579539862432e-07
39.95,-116.35,0,0,6.97238492965698,0.0221517775207758,2.75599347787647e-07
39.85,-116.35,0,0,7.53536701202393,0.0271985065191984,2.10277676160331e-07
39.75,-116.35,0,0,7.53536701202393,0.0271985065191984,2.10277676160331e-07
39.55,-116.35,0,0,8.02395629882812,0.0324422679841518,1.6986882656056e-07
48.45,-116.25,0.8262,0,7.14139604568481,0.186567232012749,-4.46812805421359e-07
48.25,-116.25,0,0,6.54905462265015,0.200285539031029,-6.22091079094389e-07
42.25,-116.25,0.0233,0,2.72701168060303,0.00500031653791666,2.40114871985497e-07
42.15,-116.25,0.0314,0,2.40773391723633,0.00789060816168785,1.79262471533548e-07
41.25,-116.25,0,0,5.40480470657349,0.0319467261433601,5.75705705330165e-08
41.15,-116.25,0,0,5.64166831970215,0.0313296765089035,9.08429242940656e-08
41.05,-116.25,0,0,5.80687618255615,0.0560391955077648,5.78379086846326e-08
40.55,-116.25,0,0,5.96817970275879,0.0790393427014351,2.00165587216361e-07
40.45,-116.25,0,0.359999984502792,5.86837482452393,0.0754899829626083,4.5612122789862e-07
40.35,-116.25,0.0117,0.359999984502792,5.86837482452393,0.0754899829626083,4.5612122789862e-07
40.25,-116.25,0.0117,0.359999984502792,5.91376066207886,-0.0737238228321075,4.62108971532871e-07
40.15,-116.25,0,0,6.2056097984314,0.00156113598495722,4.45761742184914e-07
39.75,-116.25,0,0,7.87999773025513,-0.0145721435546875,1.54960972054141e-07
39.65,-116.25,0,0,7.85994386672974,0.0516528710722923,1.35728242867117e-07
39.55,-116.25,0,0,8.02395629882812,0.0324422679841518,1.6986882656056e-07
48.55,-116.15,0.0544,0,7.60138130187988,0.0274325869977474,-5.32874992131838e-07
43.15,-116.15,0.0086,0,0.0723870098590851,0.000702553195878863,2.7528386681297e-07
41.25,-116.15,0,0,5.08087301254272,0.00404611369594932,3.77771044668407e-07
41.15,-116.15,0.3051,0,5.2960090637207,-0.00916211307048798,2.99921822488614e-07
41.05,-116.15,0.2296,0,5.46734857559204,0.0172045975923538,3.31429077959911e-07
40.95,-116.15,0.0651,0,5.63536596298218,0.0242840275168419,3.99994917188451e-07
40.85,-116.15,0.0126,0,5.63536596298218,0.0242840275168419,3.99994917188451e-07
40.75,-116.15,0.0149,0.359999984502792,6.02908658981323,0.0164982788264751,2.09629490655061e-07
40.65,-116.15,0.2413,0,6.06914329528809,0.0348529405891895,3.65011175063046e-07
40.55,-116.15,0,0,6.0919041633606,0.0912705734372139,5.78425613184663e-07
40.45,-116.15,0,0,6.14686632156372,0.0580897070467472,5.70374822927988e-07
40.35,-116.15,0.074,0,6.35241317749023,-0.0181368701159954,5.38207586942008e-07
40.25,-116.15,0.0574,0,6.35241317749023,-0.0181368701159954,5.38207586942008e-07
40.15,-116.15,0,0,6.6670618057251,0.00873405858874321,4.23092700430061e-07
48.25,-116.05,0.0367,0,7.04022455215454,0.0974330455064774,-6.04689716965368e-07
47.85,-116.05,0.0066,0,6.02890920639038,-0.0162759348750114,-3.61418557304205e-07
47.75,-116.05,0.0027,0,5.80782651901245,0.0640634223818779,-3.96253483359033e-07
43.15,-116.05,0.0069,0,0.0723870098590851,0.000702553195878863,2.7528386681297e-07
41.35,-116.05,0,0.359999984502792,4.4002513885498,0.0161026455461979,5.87617762448644e-07
41.25,-116.05,0.2411,0,4.76893901824951,-0.00324971787631512,4.67748691335146e-07
41.15,-116.05,4.0114,0,5.06922912597656,0.00939041655510664,4.11916687426128e-07
41.05,-116.05,2.1615,0,5.46734857559204,0.0172045975923538,3.31429077959911e-07
40.95,-116.05,0.5686,0,5.63536596298218,0.0242840275168419,3.99994917188451e-07
40.85,-116.05,0.2452,0,5.63536596298218,0.0242840275168419,3.99994917188451e-07
40.75,-116.05,0.1417,0,5.8506007194519,-0.0160002652555704,5.43246017059573e-07
40.65,-116.05,0.4015,0,6.04369354248047,-0.0131426081061363,6.01921499310265e-07
40.55,-116.05,0.0291,0,6.21636056900024,0.0196456238627434,6.01290821578004e-07
40.45,-116.05,0,0,6.411292552948,0.05831278860569,5.65683762943081e-07
40.35,-116.05,0,0,6.35241317749023,-0.0181368701159954,5.38207586942008e-07
40.25,-116.05,0,0,6.99949216842651,0.0164503939449787,3.35925705030604e-07
47.85,-115.95,0.0716,0,6.02890920639038,-0.0162759348750114,-3.61418557304205e-07
47.75,-115.95,0.0012,0,5.80782651901245,0.0640634223818779,-3.96253483359033e-07
41.35,-115.95,0.0773,0,4.18825578689575,-0.0192519463598728,5.53446625417564e-07
41.25,-115.95,0.2754,0,4.76893901824951,-0.00324971787631512,4.67748691335146e-07
41.15,-115.95,0.2821,0,5.06922912597656,0.00939041655510664,4.11916687426128e-07
40.95,-115.95,0.1121,0,5.54616212844849,0.0302416272461414,4.61476247437531e-07
40.85,-115.95,0.0086,0,5.85335540771484,0.0180785246193409,4.90594345592399e-07
40.75,-115.95,0.1416,0,5.85335540771484,0.0180785246193409,4.90594345592399e-07
40.65,-115.95,0.1591,0,6.14590311050415,-0.0455885082483292,5.20735113695991e-07
40.55,-115.95,0,0,6.21636056900024,0.0196456238627434,6.01290821578004e-07
40.45,-115.95,0,0,6.411292552948,0.05831278860569,5.65683762943081e-07
40.35,-115.95,0,0,6.70006895065308,0.0256948843598366,4.99274335652444e-07
40.25,-115.95,0,0,6.99949216842651,0.0164503939449787,3.35925705030604e-07
47.85,-115.85,0.009,0,6.32486438751221,-0.0438687168061733,-3.59313730768918e-07
42.35,-115.85,0.014,0.359999984502792,0.0894442573189735,-6.60591467749327e-06,4.91426305870846e-07
42.25,-115.85,0.2065,0,0.496873050928116,0.00462264381349087,3.71989813174878e-07
42.15,-115.85,0.2907,0,1.206866979599,0.0190595723688602,3.21081813581259e-07
41.35,-115.85,0,0,4.18825578689575,-0.0192519463598728,5.53446625417564e-07
41.25,-115.85,0.0334,0,4.80955171585083,-0.00336500536650419,4.27467512054136e-07
41.15,-115.85,0.0364,0,5.23154020309448,-0.0100498199462891,3.48307196418318e-07
41.05,-115.85,0.0192,0,5.49959516525269,-0.0129058724269271,3.16786668008717e-07
40.95,-115.85,0,0,5.73784589767456,0.0183147974312305,2.98293372225089e-07
40.85,-115.85,0.0102,0,5.85335540771484,0.0180785246193409,4.90594345592399e-07
40.75,-115.85,0.0345,0,6.33425140380859,-0.0155023317784071,3.1332757544078e-07
40.65,-115.85,0,0,6.14590311050415,-0.0455885082483292,5.20735113695991e-07
40.55,-115.85,0,0,6.43557548522949,-0.116861291229725,4.95134088396298e-07
40.45,-115.85,0,0,6.69672155380249,-0.0356364026665688,4.47535256853371e-07
40.25,-115.85,0,0,7.25059080123901,-0.0821947604417801,2.4982040258692e-07
42.45,-115.75,0.0551,0.359999984502792,1.75586950778961,0.0199683457612991,6.55353517231561e-07
42.35,-115.75,0.3853,0,1.51846647262573,0.0133588453754783,5.19397474363359e-07
42.25,-115.75,0.543,0,1.58629858493805,0.0182435847818851,3.62089508598729e-07
42.15,-115.75,1.1894,0,1.9122656583786,0.0243700072169304,2.99699138395226e-07
41.25,-115.75,0.1251,0,5.21001815795898,-0.0255824103951454,3.05354035390337e-07
41.15,-115.75,0.0559,0,5.59943246841431,0.0151651194319129,1.9513015558914e-07
41.05,-115.75,0.012,0,5.49959516525269,-0.0129058724269271,3.16786668008717e-07
40.95,-115.75,0.4597,0,5.73784589767456,0.0183147974312305,2.98293372225089e-07
40.85,-115.75,0.0878,0,6.0260272026062,0.017745491117239,3.40198226922439e-07
40.75,-115.75,0,0,6.33425140380859,-0.0155023317784071,3.1332757544078e-07
40.65,-115.75,0,0,6.33425140380859,-0.0155023317784071,3.1332757544078e-07
40.45,-115.75,0,0,6.88615655899048,-0.0410613119602203,2.93283619612339e-07
42.45,-115.65,0,0,3.10047268867493,0.00124845234677196,5.61490764994232e-07
42.35,-115.65,0.3013,0,2.8409731388092,-0.00137254467699677,3.89346780593769e-07
42.25,-115.65,2.1923,0,2.68177676200867,0.0115618463605642,2.17997055074193e-07
42.15,-115.65,0.4525,0,1.9122656583786,0.0243700072169304,2.99699138395226e-07
41.35,-115.65,0.1244,0,5.21001815795898,-0.0255824103951454,3.05354035390337e-07
41.15,-115.65,0.0275,0,5.59943246841431,0.0151651194319129,1.9513015558914e-07
41.05,-115.65,0.4246,0,5.79029178619385,-0.00407354906201363,1.52076779613708e-07
40.95,-115.65,0.4389,0,5.94256162643433,-0.010725099593401,1.8507647325805e-07
40.85,-115.65,0.1794,0,6.143874168396,-0.00187773536890745,2.25657743158081e-07
40.75,-115.65,0,0,6.39918613433838,0.0481835044920444,2.27673126573791e-07
40.65,-115.65,0,0,6.66697216033936,0.16098652780056,1.94583122947734e-07
40.55,-115.65,0,0,6.62472724914551,-0.0283273477107286,3.05277183088037e-07
42.35,-115.55,3.1329,0,2.8409731388092,-0.00137254467699677,3.89346780593769e-07
42.25,-115.55,2.3304,0,2.68177676200867,0.0115618463605642,2.17997055074193e-07
41.45,-115.55,0.4555,0,4.68289184570312,0.0373700894415379,3.08795620185265e-07
41.35,-115.55,4.1971,0,5.42900228500366,0.0049327164888382,2.20563805441998e-07
41.25,-115.55,0.8534,0,5.77968215942383,-0.0241420194506645,1.16667308702745e-07
41.15,-115.55,0.0114,0,5.77968215942383,-0.0241420194506645,1.16667308702745e-07
41.05,-115.55,0.0185,0,5.92036437988281,0.029766071587801,7.76039996708278e-08
40.95,-115.55,0.1986,0,5.98474931716919,-0.00891611352562904,1.37128282062804e-07
40.85,-115.55,0.0302,0,6.143874168396,-0.00187773536890745,2.25657743158081e-07
40.75,-115.55,0,0,6.39918613433838,0.0481835044920444,2.27673126573791e-07
40.65,-115.55,0,0,6.66697216033936,0.16098652780056,1.94583122947734e-07
42.55,-115.45,0.4361,0,4.03715705871582,-0.0102761602029204,1.66959765124375e-07
42.45,-115.45,3.3153,0,4.03715705871582,-0.0102761602029204,1.66959765124375e-07
42.35,-115.45,1.7115,0,3.72479939460754,-0.0132443103939295,5.12966344956567e-08
42.25,-115.45,0.3637,0,3.46221160888672,-0.0124262804165483,-5.06632176211497e-08
42.15,-115.45,0.0021,0,3.29941463470459,0.00277375243604183,5.00676193837535e-08
42.05,-115.45,0.0546,0,3.03806638717651,0.0456373877823353,4.60685157577245e-07
41.55,-115.45,0.0519,0,3.34834408760071,-0.0194580834358931,4.1036878428713e-07
41.45,-115.45,1.0089,0,4.50818538665771,-0.00986824370920658,2.25884690507883e-07
41.35,-115.45,1.9048,0,5.21335506439209,0.0423028022050858,1.9436023990238e-07
41.25,-115.45,0.0288,0,5.56361961364746,0.00896581634879112,1.36832269959086e-07
41.15,-115.45,0,0,5.75804948806763,0.0295214466750622,1.27463763988089e-07
40.85,-115.45,0,0,6.14245700836182,0.014233373105526,1.90639639185974e-07
42.65,-115.35,0.0729,0,4.60193586349487,-0.0152029972523451,2.3537262805462e-08
42.45,-115.35,2.861,0,4.16310787200928,-0.0157943647354841,-1.29844806906476e-07
42.35,-115.35,0.1735,0,4.16310787200928,-0.0157943647354841,-1.29844806906476e-07
42.25,-115.35,0.0559,0,3.87396144866943,-0.0168203916400671,-2.21478927642238e-07
42.15,-115.35,0.1727,0,3.29941463470459,0.00277375243604183,5.00676193837535e-08
41.55,-115.35,0.0671,0,2.91087126731873,0.013006741181016,4.20605118733874e-07
41.45,-115.35,0.0103,0,4.50818538665771,-0.00986824370920658,2.25884690507883e-07
41.25,-115.35,0,0,5.56361961364746,0.00896581634879112,1.36832269959086e-07
41.15,-115.35,0,0,5.75804948806763,0.0295214466750622,1.27463763988089e-07
41.05,-115.35,0,0,5.75804948806763,0.0295214466750622,1.27463763988089e-07
40.95,-115.35,0,0,5.90971326828003,0.00690914690494537,1.55140710944579e-07
42.75,-115.25,0.0333,0,4.46898078918457,-0.0151942931115627,-8.58501394418454e-08
42.65,-115.25,0.6076,0,4.54843091964722,-0.0116404686123133,-1.61591174219211e-07
42.55,-115.25,1.9658,0,4.43685531616211,-0.0180024839937687,-1.28736203919289e-07
42.45,-115.25,1.2875,0,4.16310787200928,-0.0157943647354841,-1.29844806906476e-07
42.35,-115.25,2.0131,0,4.16310787200928,-0.0157943647354841,-1.29844806906476e-07
42.75,-115.15,0.5235,0,4.46898078918457,-0.0151942931115627,-8.58501394418454e-08
42.55,-115.15,3.5796,0,4.40550661087036,-0.0166478492319584,-2.35227275879879e-07
42.45,-115.15,2.0866,0,4.16487455368042,-0.00652494188398123,-3.09212282445515e-07
42.35,-115.15,10.3016,0,3.91924929618835,-0.0134440679103136,-3.74839999039978e-07
42.25,-115.15,1.1201,0,3.91924929618835,-0.0134440679103136,-3.74839999039978e-07
42.75,-115.05,0.105,0,4.10653591156006,-0.0204153805971146,-2.00583258447296e-07
42.65,-115.05,1.5172,0,4.17630863189697,0.00649555586278439,-3.81122703174697e-07
42.55,-115.05,1.0243,0,4.05107116699219,0.00632545910775661,-3.7635729199792e-07
42.45,-115.05,4.8885,0,3.85344314575195,0.0172999240458012,-4.09418049684973e-07
42.35,-115.05,3.8332,0,3.91924929618835,-0.0134440679103136,-3.74839999039978e-07
42.55,-114.95,0,0,4.05107116699219,0.00632545910775661,-3.7635729199792e-07
42.45,-114.95,0,0,3.85344314575195,0.0172999240458012,-4.09418049684973e-07
42.35,-114.95,0.0022,0,3.72325253486633,-0.0145077761262655,-4.85269708860869e-07
42.65,-114.85,0,0,3.68422603607178,-0.00231647677719593,-4.74756006951793e-07
42.55,-114.85,0,0,3.51507782936096,4.3235719203949e-05,-4.86930503029726e-07
46.45,-114.75,0.0297,0.719999969005585,2.42464828491211,-0.0145132411271334,5.4105601776655e-08
46.15,-114.75,0.0041,0,2.57437229156494,0.044192910194397,-1.8842474247549e-09
42.65,-114.75,0,0,3.17061114311218,-0.0196003951132298,-5.8084481224796e-07
46.55,-114.65,1.8536,0,2.39680647850037,0.00453309249132872,-2.20128661965191e-08
46.45,-114.65,2.0975,0.719999969005585,2.42464828491211,-0.0145132411271334,5.4105601776655e-08
46.35,-114.65,0,0.719999969005585,2.42464828491211,-0.0145132411271334,5.4105601776655e-08
46.15,-114.65,0.1568,0,2.57475590705872,0.0465296134352684,1.97098284360209e-08
42.65,-114.65,0,0,2.36553621292114,-0.0153090097010136,-6.93200036039343e-07
42.45,-114.65,0,0,2.81497192382812,-0.0214685872197151,-5.95990968577098e-07
47.95,-114.55,0.0004,0,6.65204286575317,0.00589017663151026,-5.34330126811255e-08
46.65,-114.55,0.2026,0,2.81562757492065,-0.010250810533762,-9.97492151100232e-08
46.55,-114.55,4.6587,0,2.65168905258179,0.0712855383753777,-7.81930111770635e-08
46.45,-114.55,0.391,0,2.57666563987732,0.0330825075507164,1.51151162697261e-08
46.15,-114.55,0.3321,0,2.57475590705872,0.0465296134352684,1.97098284360209e-08
46.05,-114.55,0.1445,0,2.52887487411499,0.0684194639325142,-1.36673207862259e-07
42.65,-114.55,0,0,2.36553621292114,-0.0153090097010136,-6.93200036039343e-07
42.55,-114.55,0.0445,0,2.36553621292114,-0.0153090097010136,-6.93200036039343e-07
42.45,-114.55,1.3593,0,2.25830793380737,-0.0110862664878368,-5.99795043854101e-07
47.95,-114.45,0.0524,0,6.65204286575317,0.00589017663151026,-5.34330126811255e-08
46.65,-114.45,2.2335,0,3.07215547561646,0.065089076757431,-1.13026239034753e-07
46.55,-114.45,2.9389,0,2.9001886844635,0.0387558415532112,-5.78134162765309e-08
46.45,-114.45,0.2047,0,2.57666563987732,0.0330825075507164,1.51151162697261e-08
46.25,-114.45,0.0068,0,2.64203476905823,0.0400234125554562,3.51946418675197e-08
46.15,-114.45,0.6915,0,2.64203476905823,0.0400234125554562,3.51946418675197e-08
46.05,-114.45,0.0606,0,2.53847622871399,0.0238311868160963,7.55545670472202e-09
42.65,-114.45,0,0,1.9852911233902,-0.00807053223252296,-7.02436580013455e-07
42.55,-114.45,0.1176,0,1.74337923526764,-0.025241868570447,-5.69082203583093e-07
42.35,-114.45,0,0,2.4576244354248,-0.0350114405155182,-3.64556001386518e-07
47.95,-114.35,0.0405,0,6.4106240272522,-0.0563562735915184,-1.38008331873607e-07
46.65,-114.35,0.1786,0,3.07215547561646,0.065089076757431,-1.13026239034753e-07
46.55,-114.35,1.1247,0,2.9001886844635,0.0387558415532112,-5.78134162765309e-08
46.45,-114.35,0.3579,0,2.82626628875732,-0.00506134005263448,5.7387907759221e-09
46.25,-114.35,0.0899,0,2.74931502342224,-0.0978450030088425,1.09421129934617e-07
46.15,-114.35,0.7189,0,2.61846375465393,-0.061220545321703,1.69475796951701e-07
46.05,-114.35,0.0015,0,2.61846375465393,-0.061220545321703,1.69475796951701e-07
42.75,-114.35,0.0454,0,2.43253397941589,0.00646876357495785,-6.6158730760435e-07
42.65,-114.35,0.3221,0,1.9852911233902,-0.00807053223252296,-7.02436580013455e-07
42.45,-114.35,6.2646,0,1.74337923526764,-0.025241868570447,-5.69082203583093e-07
42.35,-114.35,0.4381,0,1.9604287147522,-0.0506388060748577,-3.72239810531028e-07
42.25,-114.35,2.6102,0,2.551682472229,-0.054261676967144,-2.79812638837029e-07
48.05,-114.25,0.0302,0,6.42208242416382,-0.0969837009906769,-7.59848788334239e-08
47.95,-114.25,0.0667,0,6.27951812744141,0.0101109445095062,-1.28276752775491e-07
46.65,-114.25,0.0121,0,3.37301206588745,-0.0331777445971966,-3.13886658886986e-08
46.55,-114.25,0.8396,0,3.17372155189514,-0.122503727674484,1.08809814491906e-08
46.45,-114.25,0.788,0,3.09593057632446,-0.0889384746551514,8.60638422750526e-08
46.35,-114.25,0.0315,0,2.78269100189209,-0.0884656384587288,9.95123698999123e-08
46.25,-114.25,0.1247,0,2.74931502342224,-0.0978450030088425,1.09421129934617e-07
46.15,-114.25,0.2613,0,2.61846375465393,-0.061220545321703,1.69475796951701e-07
42.85,-114.25,0.1514,0,2.93525791168213,0.00648114643990993,-4.16122816204734e-07
42.75,-114.25,1.332,0,2.40436553955078,0.001351437298581,-6.08040693350631e-07
42.65,-114.25,0.8411,0,1.82338953018188,-0.00315544242039323,-6.37923051272082e-07
42.55,-114.25,0,0,1.46775007247925,-0.018627280369401,-4.80417497783492e-07
42.45,-114.25,0.0219,0,1.57003927230835,-0.049547765403986,-3.17002474048422e-07
42.35,-114.25,0.0488,0,1.57003927230835,-0.049547765403986,-3.17002474048422e-07
42.25,-114.25,0.3198,0,2.551682472229,-0.054261676967144,-2.79812638837029e-07
42.15,-114.25,0,0,3.20518803596497,-0.0191516652703285,-3.75699357846315e-07
41.45,-114.25,0,0.359999984502792,3.95606350898743,-0.00754942372441292,-7.58032427938815e-08
41.35,-114.25,0,0,3.95869851112366,0.0106594879180193,1.50092034800764e-07
48.05,-114.15,0.1304,0,6.42208242416382,-0.0969837009906769,-7.59848788334239e-08
46.75,-114.15,0,0,3.96993899345398,-0.0216986741870642,1.01015515951985e-07
46.65,-114.15,0.0796,0,3.68358373641968,-0.130984276533127,1.69530380844662e-07
46.55,-114.15,0.8655,0,3.17372155189514,-0.122503727674484,1.08809814491906e-08
46.45,-114.15,2.026,0,3.09593057632446,-0.0889384746551514,8.60638422750526e-08
46.25,-114.15,0.0049,0,2.86970591545105,-0.0983047485351562,2.02873735588582e-07
46.15,-114.15,0.0129,0,2.70349144935608,-0.0244761724025011,1.71413603311521e-07
42.85,-114.15,0.3613,0,3.03922414779663,0.00507324561476707,-3.59219200163352e-07
42.75,-114.15,1.5817,0,2.48279976844788,0.00847289711236954,-5.45194609458122e-07
42.65,-114.15,0.0964,0,1.91892063617706,0.00159446150064468,-5.24339384355699e-07
42.55,-114.15,0,0,1.46775007247925,-0.018627280369401,-4.80417497783492e-07
42.45,-114.15,0,0,1.57003927230835,-0.049547765403986,-3.17002474048422e-07
42.25,-114.15,0.0005,0,2.03377771377563,-0.0391676090657711,-2.53410661343878e-07
42.15,-114.15,0,0,2.65523886680603,0.0181586928665638,-3.15161173602974e-07
42.05,-114.15,0.0405,0,3.18134713172913,0.0540262684226036,-4.32190802257537e-07
48.05,-114.05,0.7216,0,6.492431640625,0.00720858015120029,-4.10111852033879e-07
47.95,-114.05,0.0156,0,6.28907108306885,0.0505187995731831,-2.66128495240991e-07
47.75,-114.05,0.0242,0,6.15136432647705,0.222489684820175,-3.33205093738798e-07
46.65,-114.05,0.0274,0,3.68358373641968,-0.130984276533127,1.69530380844662e-07
46.55,-114.05,0.8521,0,3.44948530197144,-0.083225816488266,1.64766163379682e-07
46.45,-114.05,2.061,0,3.25795865058899,-0.0120850326493382,1.71086114164609e-07
46.35,-114.05,0,0,3.14470410346985,0.134317740797997,1.65384378192357e-07
46.25,-114.05,0.0186,0,2.97975039482117,0.0737195312976837,1.49518513126168e-07
46.15,-114.05,0.0607,0,2.70349144935608,-0.0244761724025011,1.71413603311521e-07
42.85,-114.05,1.0618,0,3.03922414779663,0.00507324561476707,-3.59219200163352e-07
42.75,-114.05,2.409,0,2.48279976844788,0.00847289711236954,-5.45194609458122e-07
42.65,-114.05,0,0,1.91892063617706,0.00159446150064468,-5.24339384355699e-07
42.55,-114.05,0,0,1.49349939823151,-0.0100013883784413,-4.02551592060263e-07
42.45,-114.05,0,0,1.41354155540466,-0.0296136103570461,-2.31262006877841e-07
42.35,-114.05,0.007,0,1.72356653213501,-0.0315256975591183,-1.37767486307894e-07
42.25,-114.05,0.0103,0,1.72356653213501,-0.0315256975591183,-1.37767486307894e-07
41.75,-114.05,0.0064,0,3.67194128036499,-0.0065450519323349,-4.03351805289276e-07
40.65,-114.05,0,0,5.88030815124512,-0.0220294781029224,7.51343804950011e-08
48.05,-113.95,0.4887,0,6.492431640625,0.00720858015120029,-4.10111852033879e-07
47.95,-113.95,0.02,0,6.28907108306885,0.0505187995731831,-2.66128495240991e-07
47.85,-113.95,0.0012,0,6.14026880264282,0.0148696936666965,-3.35410391016921e-07
47.75,-113.95,0.261,0,6.06712198257446,0.0433751679956913,-3.56430717829426e-07
46.65,-113.95,0.0117,0,3.54951643943787,0.0943227931857109,1.8763651610243e-07
46.55,-113.95,0.4334,0,3.54951643943787,0.0943227931857109,1.8763651610243e-07
46.45,-113.95,0.2805,0,3.25795865058899,-0.0120850326493382,1.71086114164609e-07
46.35,-113.95,0.0175,0,3.14470410346985,0.134317740797997,1.65384378192357e-07
46.25,-113.95,0.1183,0,2.97975039482117,0.0737195312976837,1.49518513126168e-07
46.15,-113.95,0.0355,0,2.79204535484314,0.0464729778468609,1.3446765478875e-07
42.85,-113.95,5.2251,0,3.16792178153992,-0.00235900189727545,-1.83920406016114e-07
42.75,-113.95,2.4612,0,2.60568737983704,0.00259472499601543,-4.85660564208956e-07
42.65,-113.95,0,0,2.0204746723175,0.00725557003170252,-5.08783728037088e-07
42.55,-113.95,0.0581,0,1.64530253410339,-0.00357418367639184,-3.41574633466735e-07
42.45,-113.95,0.0017,0,1.56264305114746,-0.012742324732244,-1.3391579045674e-07
42.35,-113.95,0.0282,0,1.72356653213501,-0.0315256975591183,-1.37767486307894e-07
42.25,-113.95,0.0005,0,2.27208113670349,-0.0445097610354424,7.81291120688365e-08
40.65,-113.95,0,0,5.88030815124512,-0.0220294781029224,7.51343804950011e-08
40.55,-113.95,0,0,6.11757326126099,-0.0552139803767204,8.01557007434894e-08
46.65,-113.85,0,0,3.54951643943787,0.0943227931857109,1.8763651610243e-07
46.55,-113.85,0.0281,0,3.54951643943787,0.0943227931857109,1.8763651610243e-07
46.35,-113.85,0.176,0,3.17929553985596,0.0850072279572487,1.88612816032219e-07
46.25,-113.85,0.1409,0,3.02659296989441,0.0945365652441978,1.86609113939085e-07
46.15,-113.85,0.002,0,2.83102917671204,0.0118379900231957,1.50199454651556e-07
46.05,-113.85,0.0242,0,2.58607220649719,0.036810465157032,9.3521329347368e-08
42.95,-113.85,0.0075,0,3.33218169212341,0.00438579404726624,-1.13403615387142e-07
42.75,-113.85,0.2798,0,2.78244137763977,0.000694112852215767,-3.66878538216042e-07
42.65,-113.85,0.0472,0,2.0204746723175,0.00725557003170252,-5.08783728037088e-07
42.45,-113.85,1.4984,0,1.56264305114746,-0.012742324732244,-1.3391579045674e-07
46.65,-113.75,0.005,0,3.55591702461243,0.0127714090049267,2.6043170464618e-07
46.55,-113.75,0,0,3.32755208015442,0.0411380901932716,2.43059020021974e-07
46.35,-113.75,0.1164,0,3.13847517967224,-0.0775897055864334,2.43202975980239e-07
46.25,-113.75,0.0284,0,3.02659296989441,0.0945365652441978,1.86609113939085e-07
46.15,-113.75,0.0257,0,2.83102917671204,0.0118379900231957,1.50199454651556e-07
46.05,-113.75,0.004,0,2.58607220649719,0.036810465157032,9.3521329347368e-08
42.95,-113.75,0.4111,0,3.33218169212341,0.00438579404726624,-1.13403615387142e-07
42.75,-113.75,7.0469,0,2.78244137763977,0.000694112852215767,-3.66878538216042e-07
42.65,-113.75,0.0763,0,2.26706266403198,0.00381463905796409,-4.71756180786542e-07
42.45,-113.75,6.3147,0,1.88214564323425,-0.0322787314653397,-1.41237393336269e-07
42.35,-113.75,7.2388,0,2.09175515174866,-0.0310417395085096,1.12866558765745e-07
42.25,-113.75,0,0,2.55017256736755,0.00146188051439822,2.20840576048431e-07
46.25,-113.65,0.0021,0,2.95381712913513,-0.0297382511198521,2.76617157624059e-07
46.15,-113.65,0.0503,0,2.82491230964661,-0.018164137378335,2.62556483221488e-07
46.05,-113.65,0.0374,0,2.61961936950684,-0.00136309862136841,1.58309376274701e-07
42.45,-113.65,21.2859,0,1.88214564323425,-0.0322787314653397,-1.41237393336269e-07
42.35,-113.65,3.2247,0,2.09175515174866,-0.0310417395085096,1.12866558765745e-07
42.25,-113.65,0,0,2.55017256736755,0.00146188051439822,2.20840576048431e-07
46.25,-113.55,0.0616,0,2.85414528846741,-0.0567067489027977,3.42257720831185e-07
46.15,-113.55,0.185,0,2.69916200637817,-0.00886060856282711,3.46569379416906e-07
46.05,-113.55,0.0292,0,2.61961936950684,-0.00136309862136841,1.58309376274701e-07
42.95,-113.55,0.0481,0,3.77582168579102,0.010669419541955,-8.6002373222982e-08
42.85,-113.55,0.4631,0,3.49378252029419,0.0127971721813083,-3.03783451727213e-07
42.55,-113.55,1.2166,0,2.37322402000427,-0.00104910740628839,-3.15230408887146e-07
42.45,-113.55,1.1604,0,2.38099002838135,-0.0378471687436104,-7.54089057863894e-08
42.35,-113.55,0.0754,0,2.6546676158905,-0.0590898394584656,1.45867915080089e-07
47.35,-113.45,0.0192,0,5.55986213684082,0.117860808968544,9.18243259206974e-08
46.25,-113.45,0.4499,0,2.85414528846741,-0.0567067489027977,3.42257720831185e-07
46.15,-113.45,0.0687,0,2.69916200637817,-0.00886060856282711,3.46569379416906e-07
46.05,-113.45,0.1536,0.719999969005585,2.56780743598938,0.00270863808691502,2.97757793532583e-07
42.85,-113.45,0.5881,0,3.49378252029419,0.0127971721813083,-3.03783451727213e-07
42.75,-113.45,2.9531,0,3.13851118087769,-0.00302746682427824,-4.20527243250035e-07
42.65,-113.45,2.488,0,2.98390364646912,-0.00991760846227407,-2.77252411251538e-07
42.55,-113.45,0.1506,0,2.98390364646912,-0.00991760846227407,-2.77252411251538e-07
42.45,-113.45,0,0,3.08127498626709,-0.021383149549365,-3.46631097158934e-08
42.35,-113.45,0,0,3.37357926368713,-0.0562459379434586,1.43310757039217e-07
48.05,-113.35,0.0916,0,7.50227642059326,0.15602271258831,-6.38066808278381e-07
47.75,-113.35,0.086,0,6.73855066299438,0.0797900408506393,-5.19839261414745e-07
47.65,-113.35,0,0,6.4136791229248,0.112138271331787,-4.15786928442685e-07
46.25,-113.35,0.0951,0,2.55849695205688,-0.0360042974352837,4.20373481802017e-07
46.15,-113.35,0.0052,0,2.55849695205688,-0.0360042974352837,4.20373481802017e-07
42.75,-113.35,0.1765,0,3.72694873809814,0.0107385562732816,-3.09567440126557e-07
42.65,-113.35,0.412,0,3.68751168251038,0.0059079322963953,-2.14832539313647e-07
42.55,-113.35,0.2667,0,3.87701320648193,0.0191301126033068,-6.30808649759729e-09
42.45,-113.35,0,0,3.08127498626709,-0.021383149549365,-3.46631097158934e-08
42.35,-113.35,0,0,3.37357926368713,-0.0562459379434586,1.43310757039217e-07
48.15,-113.25,0.6556,0,8.34554576873779,0.0168343167752028,-4.60480805486441e-07
47.85,-113.25,0.3374,0,6.97549152374268,0.000311510637402534,-4.89712647322449e-07
47.75,-113.25,0.0079,0,6.73855066299438,0.0797900408506393,-5.19839261414745e-07
46.15,-113.25,0.002,0,2.55849695205688,-0.0360042974352837,4.20373481802017e-07
42.75,-113.25,0,0,3.72694873809814,0.0107385562732816,-3.09567440126557e-07
42.65,-113.25,0,0,3.68751168251038,0.0059079322963953,-2.14832539313647e-07
48.15,-113.15,0.5026,0,8.34554576873779,0.0168343167752028,-4.60480805486441e-07
48.05,-113.15,0.006,0,7.88189125061035,0.0652797743678093,-5.86173541705648e-07
47.95,-113.15,0.554,0,7.38682174682617,0.0414426177740097,-6.0877425767103e-07
47.85,-113.15,0.0137,0,6.97549152374268,0.000311510637402534,-4.89712647322449e-07
46.45,-113.15,0.0339,0,2.68318939208984,-0.0162108801305294,3.20895310323976e-07
46.35,-113.15,0.0827,0,2.55928039550781,0.0379777699708939,3.84445456802496e-07
46.25,-113.15,0.0286,0,2.46369504928589,-0.0262917056679726,4.34339682442442e-07
46.15,-113.15,0.0695,1.08000004291534,2.3922700881958,-0.0170576591044664,3.28569853991212e-07
44.25,-113.15,0.1033,0,3.2061607837677,-0.0726472139358521,-2.45988530878094e-07
42.55,-113.15,0,0,4.59479999542236,0.0203794874250889,-4.74519907811555e-08
47.95,-113.05,0.0409,0,7.69153118133545,0.0585744790732861,-4.07354264098103e-07
44.35,-113.05,2.6535,0,3.22873044013977,-0.0645246803760529,-3.58129170763277e-07
44.25,-113.05,0.0259,0,3.2061607837677,-0.0726472139358521,-2.45988530878094e-07
48.15,-112.95,0.0058,0,9.15037250518799,-0.136702805757523,-1.99842816073215e-07
46.65,-112.95,0.0271,0,3.40299129486084,0.0779588520526886,6.79516034551852e-08
44.65,-112.95,0.035,0,3.47483253479004,-0.0114297457039356,-1.87815572871841e-07
44.55,-112.95,0.216,0,3.23672938346863,0.0703342705965042,-2.88662846514853e-07
44.35,-112.95,1.9244,0,3.00349140167236,0.106571547687054,-4.10609089840364e-07
46.65,-112.85,0.3163,0,3.40299129486084,0.0779588520526886,6.79516034551852e-08
46.55,-112.85,0.0093,0,3.06259775161743,-0.0463675037026405,1.07427013062988e-07
46.45,-112.85,0.0081,0,2.8536696434021,-0.0944301635026932,1.22272993507977e-07
44.65,-112.85,0.0575,0,3.26729583740234,-0.0532645955681801,-3.33965203935804e-07
44.55,-112.85,0.7149,0,2.99945878982544,-0.0680527687072754,-4.25887890287413e-07
44.45,-112.85,11.0098,0,2.8104887008667,0.0193129740655422,-4.53482982720743e-07
44.25,-112.85,0,0,2.96562814712524,0.0321418158710003,-3.31208724446697e-07
42.85,-112.85,0.0102,0,4.82947301864624,-0.00291180633939803,-6.93828852149636e-08
46.65,-112.75,0.2364,0.719999969005585,3.68867135047913,0.028367642313242,-2.37722730389578e-08
46.55,-112.75,0.0662,0,3.38856625556946,0.0517709478735924,-4.77766128881285e-08
46.45,-112.75,0.4544,0,3.2132294178009,-0.011428028345108,-8.13670766319774e-08
44.65,-112.75,0.0116,0,3.05123853683472,-0.0516080781817436,-4.60442066696487e-07
44.55,-112.75,2.3278,0,2.83564019203186,-0.028703298419714,-4.70872748792317e-07
44.45,-112.75,19.0019,0,2.8104887008667,0.0193129740655422,-4.53482982720743e-07
44.35,-112.75,0.3667,0,2.8104887008667,0.0193129740655422,-4.53482982720743e-07
44.25,-112.75,0,0,2.96562814712524,0.0321418158710003,-3.31208724446697e-07
46.65,-112.65,0,0,3.79779505729675,-0.00225263088941574,-1.77026791448043e-07
46.55,-112.65,0.3734,0.719999969005585,3.59835147857666,0.018952377140522,-2.24874497689598e-07
46.45,-112.65,1.2125,0,3.2132294178009,-0.011428028345108,-8.13670766319774e-08
44.65,-112.65,0.3606,0,3.05123853683472,-0.0516080781817436,-4.60442066696487e-07
44.55,-112.65,3.4441,0,2.83564019203186,-0.028703298419714,-4.70872748792317e-07
44.45,-112.65,16.4845,0,2.69485521316528,0.00497620925307274,-4.39401674157125e-07
44.35,-112.65,0.0162,0,3.00733280181885,-0.0352054387331009,-3.13944383378839e-07
46.75,-112.55,0,1.08000004291534,4.08692789077759,0.0301316902041435,-1.69076770362153e-07
46.65,-112.55,0,0,3.79779505729675,-0.00225263088941574,-1.77026791448043e-07
44.65,-112.55,0.7312,0,2.97649049758911,-0.02957708761096,-5.37254322807712e-07
44.55,-112.55,3.0158,0,2.82351303100586,-0.0533189326524734,-4.64179521486585e-07
44.45,-112.55,2.1835,0,2.81983184814453,0.0573316439986229,-3.75953561615461e-07
46.75,-112.45,0,0.359999984502792,4.53287506103516,0.0406131260097027,-2.34535548315762e-07
46.65,-112.45,0,0,4.29008674621582,-0.0119620906189084,-2.97389732395459e-07
46.55,-112.45,0.153,0.359999984502792,4.0574836730957,-0.0492400377988815,-3.41611865906088e-07
44.65,-112.45,0.944,0,3.05024886131287,0.0252850092947483,-5.4602901400358e-07
44.55,-112.45,2.7386,0,2.82351303100586,-0.0533189326524734,-4.64179521486585e-07
44.45,-112.45,0.2644,0,2.81983184814453,0.0573316439986229,-3.75953561615461e-07
44.35,-112.45,0,0,3.21510648727417,0.0539475828409195,-2.55532626169952e-07
44.55,-112.35,2.3161,0,2.97862219810486,-0.0583291798830032,-4.38880221054205e-07
44.45,-112.35,0.1727,0,3.13506078720093,-0.025861132889986,-2.78521497421025e-07
44.35,-112.35,0,0,3.54358100891113,0.0600940957665443,-1.57011982082622e-07
44.55,-112.25,2.3816,0,3.33907318115234,0.0189731195569038,-4.01287252316251e-07
44.45,-112.25,0.1136,0,3.48633337020874,-0.00889244303107262,-1.86005749469587e-07
44.35,-112.25,0,0,3.54358100891113,0.0600940957665443,-1.57011982082622e-07
44.55,-112.15,1.7189,0,3.33907318115234,0.0189731195569038,-4.01287252316251e-07
44.45,-112.15,0,0,3.48633337020874,-0.00889244303107262,-1.86005749469587e-07
44.55,-112.05,0.3968,0,3.66522789001465,0.0304026398807764,-2.68588394192193e-07
38.25,-112.05,0.1963,0,3.51535892486572,0.0365983098745346,3.63429819572048e-08
38.15,-112.05,0.037,0,3.77136659622192,-0.0716626048088074,8.19313754618634e-08
46.35,-111.65,0.8012,0,5.99338817596436,-0.223134741187096,-1.80690108209092e-07
46.55,-111.55,0,0,5.49077749252319,0.0261082127690315,9.56662873363712e-08
46.45,-111.55,0.026,0.359999984502792,5.69334411621094,-0.185169786214828,2.50770533227751e-08
46.35,-111.55,1.2882,0,6.036705493927,-0.177527815103531,-2.37228245936194e-08
42.95,-111.55,0,0,5.23126173019409,0.01823915168643,-3.04488366964506e-07
42.85,-111.55,0,0,5.23126173019409,0.01823915168643,-3.04488366964506e-07
46.55,-111.45,0,0,5.16403818130493,0.184417828917503,3.52832614680665e-07
46.45,-111.45,0.1704,0,5.4074649810791,0.231208369135857,3.09416208210678e-07
46.35,-111.45,1.0962,0,5.78103446960449,0.0880292877554893,2.35981588048162e-07
42.95,-111.45,0,0,5.31022930145264,0.0389508903026581,-2.41874687390009e-07
41.95,-111.45,0,0,4.99013423919678,-0.144467353820801,-3.27053896853613e-07
46.45,-111.35,0.018,0,5.4074649810791,0.231208369135857,3.09416208210678e-07
46.35,-111.35,0.1909,0,5.78103446960449,0.0880292877554893,2.35981588048162e-07
41.95,-111.35,0,0,4.99013423919678,-0.144467353820801,-3.27053896853613e-07
41.95,-111.25,0,0,5.18327665328979,-0.00523932883515954,-3.37194961730347e-07
41.25,-110.85,0.0234,0,2.50693559646606,0.011153681203723,2.57044064255751e-07
41.15,-110.85,0.0407,0,2.50693559646606,0.011153681203723,2.57044064255751e-07
41.25,-110.75,0.1075,0,2.06688213348389,0.00493964506313205,1.24058473716104e-07
41.15,-110.75,0.1232,0,1.92964708805084,0.0128568783402443,1.66081733254941e-07
41.25,-110.65,0.0124,0,2.06688213348389,0.00493964506313205,1.24058473716104e-07
45.25,-110.55,0.1464,0,3.35342025756836,0.0471299588680267,-3.83627963174149e-07
33.85,-110.55,0.0412,0,6.26871967315674,0.0444690994918346,-1.70239133012728e-07
31.65,-110.55,0.0265,0,2.79034948348999,-0.0075401240028441,3.41624172506272e-07
33.85,-110.45,0.3261,0,6.26871967315674,0.0444690994918346,-1.70239133012728e-07
33.75,-110.45,0.0084,0,5.97606420516968,0.0967738479375839,-1.11560680693401e-07
33.65,-110.45,0.0626,0,5.48884534835815,0.159153029322624,-1.68918248277805e-07
31.65,-110.45,0.1186,0,2.79034948348999,-0.0075401240028441,3.41624172506272e-07
31.55,-110.45,0.0338,0,2.67149877548218,0.0246687307953835,3.09944425680442e-07
31.35,-110.45,0.0065,0,2.59716653823853,0.0380201041698456,2.95871075195464e-07
30.85,-110.45,0.0082,0,2.37625908851624,-0.0267893243581057,1.79030649860579e-07
33.75,-110.35,0.9623,0,6.02897119522095,-0.0541987046599388,-1.74198078184418e-09
33.65,-110.35,0.1073,0,5.48884534835815,0.159153029322624,-1.68918248277805e-07
33.55,-110.35,0.0146,0,5.48884534835815,0.159153029322624,-1.68918248277805e-07
31.55,-110.35,0.0712,0,2.07190847396851,-0.037725493311882,3.20576532431005e-07
31.45,-110.35,0.5035,0,1.9968433380127,-0.00166259240359068,3.14704067250204e-07
31.35,-110.35,0.014,0,1.90485799312592,-0.00461624376475811,2.95659390303626e-07
31.15,-110.35,0.028,0,1.82117390632629,-0.0104341581463814,2.54330359439336e-07
31.05,-110.35,0.1065,0,2.37492108345032,0.0355802476406097,1.6303675920426e-07
33.65,-110.25,0.0105,0,5.49825620651245,-0.00168671645224094,1.99012504253915e-08
31.85,-110.25,0.2429,0,2.0776162147522,-0.0234653316438198,3.7841306266273e-07
31.75,-110.25,0.0019,0,1.77807080745697,-0.0107004893943667,3.46520067751044e-07
31.55,-110.25,0.0139,0,1.52514266967773,-0.0223286841064692,3.3162322665703e-07
31.45,-110.25,0.1001,0,1.9968433380127,-0.00166259240359068,3.14704067250204e-07
31.15,-110.25,0.1831,0,1.82117390632629,-0.0104341581463814,2.54330359439336e-07
31.05,-110.25,1.1405,0,1.79320979118347,-0.0221512299031019,2.3558698103443e-07
30.95,-110.25,0.0139,0,1.78604662418365,-0.00140659743919969,2.53252778747992e-07
33.15,-110.15,0.0058,1.43999993801117,1.5754063129425,-0.0177643038332462,2.80414447217936e-09
31.85,-110.15,0.038,0,1.32166409492493,0.00965040177106857,3.39152023798306e-07
31.25,-110.15,0.0238,0,1.35236537456512,-0.00147918378934264,3.24898792314343e-07
31.05,-110.15,0.0211,0,1.01131331920624,0.00813003163784742,3.29088237549513e-07
30.85,-110.15,0.0574,0,1.03413248062134,-2.80402600765228e-05,4.15359721728237e-07
45.55,-110.05,0.082,0,3.15898776054382,-0.0281350873410702,5.36405877937796e-07
31.35,-110.05,0.0134,0,1.5698447227478,-0.0107277296483517,4.43972481889432e-07
31.25,-110.05,0.2899,0,1.46790957450867,-0.0257690269500017,4.75333507665709e-07
31.15,-110.05,0.0825,0,1.46790957450867,-0.0257690269500017,4.75333507665709e-07
31.05,-110.05,0.1206,0,1.31140387058258,-0.0180151555687189,5.00202816056117e-07
30.95,-110.05,0.2337,0,0.96148669719696,0.0129373567178845,3.69566805602517e-07
30.85,-110.05,0.088,0,1.03413248062134,-2.80402600765228e-05,4.15359721728237e-07
30.75,-110.05,0.5086,0,1.08983945846558,-0.00221354048699141,4.26447030577037e-07
30.65,-110.05,0.3418,0,1.10562860965729,0.00252899201586843,5.44778117728129e-07
48.85,-124.15,0.1255,0,1.13967955112457,NaN,5.81321231152288e-08
47.75,-123.95,0.5764,0,2.4849579334259,NaN,-1.93730258502001e-08